1 5222
2 5276
3 5302
4 5302
5 5302
6 5458
7 5458
8 5458
9 5458
10 5458
11 5458
12 5458
13 5458
14 5458
15 5458
16 5458
17 5458
18 5458
19 5458
20 5458
21 5458
22 5458
23 5458
24 5458
25 5458
26 5458
27 5458
28 5458
29 5458
30 5458
31 5458
32 5458
33 5458
34 5458
35 5458
36 5458
37 5458
38 5458
39 5458
40 5458
41 5458
42 5458
43 5458
44 5458
45 5458
46 5458
47 5458
48 5458
49 5458
50 5458
51 5458
52 5458
53 5458
54 5458
55 5458
56 5458
57 5458
58 5458
59 5458
60 5458
61 5458
62 5458
63 5458
64 5458
65 5458
66 5458
67 5458
68 5458
69 5458
70 5458
71 5458
72 5458
73 5458
74 5458
75 5458
76 5458
77 5458
78 5458
79 5458
80 5458
81 5458
82 5458
83 5458
84 5458
85 5458
86 5458
87 5458
88 5458
89 5458
90 5458
91 5458
92 5458
93 5458
94 5458
95 5458
96 5458
97 5458
98 5458
99 5458
100 5458
101 5458
102 5458
103 5458
104 5458
105 5458
106 5458
107 5458
108 5458
109 5458
110 5458
111 5458
112 5458
113 5458
114 5458
115 5458
116 5458
117 5458
118 5458
119 5458
120 5458
121 5458
122 5458
123 5458
124 5458
125 5458
126 5458
127 5458
128 5458
129 5458
130 5458
131 5458
132 5458
133 5458
134 5458
135 5458
136 5458
137 5458
138 5458
139 5458
140 5458
141 5458
142 5458
143 5458
144 5458
145 5458
146 5458
147 5458
148 5458
149 5458
150 5458
151 5458
152 5458
153 5458
154 5458
155 5458
156 5458
157 5458
158 5458
159 5458
160 5458
161 5458
162 5458
163 5458
164 5458
165 5458
166 5458
167 5458
168 5458
169 5458
170 5458
171 5458
172 5458
173 5458
174 5458
175 5458
176 5458
177 5458
178 5458
179 5458
180 5458
181 5458
182 5458
183 5458
184 5458
185 5458
186 5458
187 5458
188 5458
189 5458
190 5458
191 5458
192 5458
193 5458
194 5458
195 5458
196 5458
197 5458
198 5458
199 5458
200 5458
201 5458
202 5458
203 5458
204 5458
205 5458
206 5458
207 5458
208 5458
209 5458
210 5458
211 5458
212 5458
213 5458
214 5458
215 5458
216 5458
217 5458
218 5458
219 5458
220 5458
221 5458
222 5458
223 5458
224 5458
225 5458
226 5458
227 5458
228 5458
229 5458
230 5458
231 5458
232 5458
233 5458
234 5458
235 5458
236 5458
237 5458
238 5458
239 5458
240 5458
241 5458
242 5458
243 5458
244 5458
245 5458
246 5458
247 5458
248 5458
249 5458
250 5458
251 5458
252 5458
253 5458
254 5458
255 5458
256 5458
257 5458
258 5458
259 5458
260 5458
261 5458
262 5458
263 5458
264 5458
265 5458
266 5458
267 5458
268 5458
269 5458
270 5458
271 5458
272 5458
273 5458
274 5458
275 5458
276 5458
277 5458
278 5458
279 5458
280 5458
281 5458
282 5458
283 5458
284 5458
285 5458
286 5458
287 5458
288 5458
289 5458
290 5458
291 5458
292 5458
293 5458
294 5458
295 5458
296 5458
297 5458
298 5458
299 5458
300 5458
301 5458
302 5458
303 5458
304 5458
305 5458
306 5458
307 5458
308 5458
309 5458
310 5458
311 5458
312 5458
313 5458
314 5458
315 5458
316 5458
317 5458
318 5458
319 5458
320 5458
321 5458
322 5458
323 5458
324 5458
325 5458
326 5458
327 5458
328 5458
329 5458
330 5458
331 5458
332 5458
333 5458
334 5458
335 5458
336 5458
337 5458
338 5458
339 5458
340 5458
341 5458
342 5458
343 5458
344 5458
345 5458
346 5458
347 5458
348 5458
349 5458
350 5458
351 5458
352 5458
353 5458
354 5458
355 5458
356 5458
357 5458
358 5458
359 5458
360 5458
361 5458
362 5458
363 5458
364 5458
365 5458
366 5458
367 5458
368 5458
369 5458
370 5458
371 5458
372 5458
373 5458
374 5458
375 5458
376 5458
377 5458
378 5458
379 5458
380 5458
381 5458
382 5458
383 5458
384 5458
385 5458
386 5458
387 5458
388 5458
389 5458
390 5458
391 5458
392 5458
393 5458
394 5458
395 5458
396 5458
397 5458
398 5458
399 5458
400 5458
401 5458
402 5458
403 5458
404 5458
405 5458
406 5458
407 5458
408 5458
409 5458
410 5458
411 5458
412 5458
413 5458
414 5458
415 5458
416 5458
417 5458
418 5458
419 5458
420 5458
421 5458
422 5458
423 5458
424 5458
425 5458
426 5458
427 5458
428 5458
429 5458
430 5458
431 5458
432 5458
433 5458
434 5458
435 5458
436 5458
437 5458
438 5458
439 5458
440 5458
441 5458
442 5458
443 5458
444 5458
445 5458
446 5458
447 5458
448 5458
449 5458
450 5458
451 5458
452 5458
453 5458
454 5458
455 5458
456 5458
457 5458
458 5458
459 5458
460 5458
461 5458
462 5458
463 5458
464 5458
465 5458
466 5458
467 5458
468 5458
469 5458
470 5458
471 5458
472 5458
473 5458
474 5458
475 5458
476 5458
477 5458
478 5458
479 5458
480 5458
481 5458
482 5458
483 5458
484 5458
485 5458
486 5458
487 5458
488 5458
489 5458
490 5458
491 5458
492 5458
493 5458
494 5458
495 5458
496 5458
497 5458
498 5458
499 5458
500 5458
501 5458
502 5458
503 5458
504 5458
505 5458
506 5458
507 5458
508 5458
509 5458
510 5458
511 5458
512 5458
513 5458
514 5458
515 5458
516 5458
517 5458
518 5458
519 5458
520 5458
521 5458
522 5458
523 5458
524 5458
525 5458
526 5458
527 5458
528 5458
529 5458
530 5458
531 5458
532 5458
533 5458
534 5458
535 5458
536 5458
537 5458
538 5458
539 5458
540 5458
541 5458
542 5458
543 5458
544 5458
545 5458
546 5458
547 5458
548 5458
549 5458
550 5458
551 5458
552 5458
553 5458
554 5458
555 5458
556 5458
557 5458
558 5458
559 5458
560 5458
561 5458
562 5458
563 5458
564 5458
565 5458
566 5458
567 5458
568 5458
569 5458
570 5458
571 5458
572 5458
573 5458
574 5458
575 5458
576 5458
577 5458
578 5458
579 5458
580 5458
581 5458
582 5458
583 5458
584 5458
585 5458
586 5458
587 5458
588 5458
589 5458
590 5458
591 5458
592 5458
593 5458
594 5458
595 5458
596 5458
597 5458
598 5458
599 5458
600 5458
601 5458
602 5458
603 5458
604 5458
605 5458
606 5458
607 5458
608 5458
609 5458
610 5458
611 5458
612 5458
613 5458
614 5458
615 5458
616 5458
617 5458
618 5458
619 5458
620 5458
621 5458
622 5458
623 5458
624 5458
625 5458
626 5458
627 5458
628 5458
629 5458
630 5458
631 5458
632 5458
633 5458
634 5458
635 5458
636 5458
637 5458
638 5458
639 5458
640 5458
641 5458
642 5458
643 5458
644 5458
645 5458
646 5458
647 5458
648 5458
649 5458
650 5458
651 5458
652 5458
653 5458
654 5458
655 5458
656 5458
657 5458
658 5458
659 5458
660 5458
661 5458
662 5458
663 5458
664 5458
665 5458
666 5458
667 5458
668 5458
669 5458
670 5458
671 5458
672 5458
673 5458
674 5458
675 5458
676 5458
677 5458
678 5458
679 5458
680 5458
681 5458
682 5458
683 5458
684 5458
685 5458
686 5458
687 5458
688 5458
689 5458
690 5458
691 5458
692 5458
693 5458
694 5458
695 5458
696 5458
697 5458
698 5458
699 5458
700 5458
701 5458
702 5458
703 5458
704 5458
705 5458
706 5458
707 5458
708 5458
709 5458
710 5458
711 5458
712 5458
713 5458
714 5458
715 5458
716 5458
717 5458
718 5458
719 5458
720 5458
721 5458
722 5458
723 5458
724 5458
725 5458
726 5458
727 5458
728 5458
729 5458
730 5458
731 5458
732 5458
733 5458
734 5458
735 5458
736 5458
737 5458
738 5458
739 5458
740 5458
741 5458
742 5458
743 5458
744 5458
745 5458
746 5458
747 5458
748 5458
749 5458
750 5458
751 5458
752 5458
753 5458
754 5458
755 5458
756 5458
757 5458
758 5458
759 5458
760 5458
761 5458
762 5458
763 5458
764 5458
765 5458
766 5458
767 5458
768 5458
769 5458
770 5458
771 5458
772 5458
773 5458
774 5458
775 5458
776 5458
777 5458
778 5458
779 5458
780 5458
781 5458
782 5458
783 5458
784 5458
785 5458
786 5458
787 5458
788 5458
789 5458
790 5458
791 5458
792 5458
793 5458
794 5458
795 5458
796 5458
797 5458
798 5458
799 5458
800 5458
801 5458
802 5458
803 5458
804 5458
805 5458
806 5458
807 5458
808 5458
809 5458
810 5458
811 5458
812 5458
813 5458
814 5458
815 5458
816 5458
817 5458
818 5458
819 5458
820 5458
821 5458
822 5458
823 5458
824 5458
825 5458
826 5458
827 5458
828 5458
829 5458
830 5458
831 5458
832 5458
833 5458
834 5458
835 5458
836 5458
837 5458
838 5458
839 5458
840 5458
841 5458
842 5458
843 5458
844 5458
845 5458
846 5458
847 5458
848 5458
849 5458
850 5458
851 5458
852 5458
853 5458
854 5458
855 5458
856 5458
857 5458
858 5458
859 5458
860 5458
861 5458
862 5458
863 5458
864 5458
865 5458
866 5458
867 5458
868 5458
869 5458
870 5458
871 5458
872 5458
873 5458
874 5458
875 5458
876 5458
877 5458
878 5458
879 5458
880 5458
881 5458
882 5458
883 5458
884 5458
885 5458
886 5458
887 5458
888 5458
889 5458
890 5458
891 5458
892 5458
893 5458
894 5458
895 5458
896 5458
897 5458
898 5458
899 5458
900 5458
901 5458
902 5458
903 5458
904 5458
905 5458
906 5458
907 5458
908 5458
909 5458
910 5458
911 5458
912 5458
913 5458
914 5458
915 5458
916 5458
917 5458
918 5458
919 5458
920 5458
921 5458
922 5458
923 5458
924 5458
925 5458
926 5461
927 5461
928 5461
929 5461
930 5461
931 5461
932 5461
933 5461
934 5461
935 5461
936 5461
937 5461
938 5461
939 5461
940 5461
941 5461
942 5461
943 5461
944 5461
945 5461
946 5461
947 5461
948 5461
949 5461
950 5461
951 5461
952 5461
953 5461
954 5461
955 5461
956 5461
957 5461
958 5461
959 5461
960 5461
961 5461
962 5461
963 5461
964 5461
965 5461
966 5461
967 5461
968 5461
969 5461
970 5461
971 5461
972 5461
973 5461
974 5461
975 5461
976 5461
977 5461
978 5461
979 5461
980 5461
981 5461
982 5461
983 5461
984 5461
985 5461
986 5461
987 5461
988 5461
989 5461
990 5461
991 5461
992 5461
993 5461
994 5461
995 5461
996 5461
997 5461
998 5461
999 5461
1000 5461
1001 5461
1002 5461
1003 5461
1004 5461
1005 5461
1006 5461
1007 5461
1008 5461
1009 5461
1010 5461
1011 5461
1012 5461
1013 5461
1014 5461
1015 5461
1016 5461
1017 5461
1018 5461
1019 5461
1020 5461
1021 5461
1022 5461
1023 5461
1024 5461
1025 5461
1026 5461
1027 5461
1028 5461
1029 5461
1030 5461
1031 5461
1032 5461
1033 5461
1034 5461
1035 5461
1036 5461
1037 5461
1038 5461
1039 5461
1040 5461
1041 5461
1042 5461
1043 5461
1044 5461
1045 5461
1046 5461
1047 5461
1048 5461
1049 5461
1050 5461
1051 5461
1052 5461
1053 5461
1054 5461
1055 5461
1056 5461
1057 5461
1058 5461
1059 5461
1060 5461
1061 5461
1062 5461
1063 5461
1064 5461
1065 5461
1066 5461
1067 5461
1068 5461
1069 5461
1070 5461
1071 5461
1072 5461
1073 5461
1074 5461
1075 5461
1076 5461
1077 5461
1078 5461
1079 5461
1080 5461
1081 5461
1082 5461
1083 5461
1084 5461
1085 5461
1086 5461
1087 5461
1088 5461
1089 5461
1090 5461
1091 5461
1092 5461
1093 5461
1094 5461
1095 5461
1096 5461
1097 5461
1098 5461
1099 5461
1100 5461
1101 5461
1102 5461
1103 5461
1104 5461
1105 5461
1106 5461
1107 5461
1108 5461
1109 5461
1110 5461
1111 5461
1112 5461
1113 5461
1114 5461
1115 5461
1116 5461
1117 5461
1118 5461
1119 5461
1120 5461
1121 5461
1122 5461
1123 5461
1124 5461
1125 5461
1126 5461
1127 5461
1128 5461
1129 5461
1130 5461
1131 5461
1132 5461
1133 5461
1134 5461
1135 5461
1136 5461
1137 5461
1138 5461
1139 5461
1140 5461
1141 5461
1142 5461
1143 5461
1144 5461
1145 5461
1146 5461
1147 5461
1148 5461
1149 5461
1150 5461
1151 5461
1152 5461
1153 5461
1154 5461
1155 5461
1156 5461
1157 5461
1158 5461
1159 5461
1160 5461
1161 5461
1162 5461
1163 5461
1164 5461
1165 5461
1166 5461
1167 5461
1168 5461
1169 5461
1170 5461
1171 5461
1172 5461
1173 5461
1174 5461
1175 5461
1176 5461
1177 5461
1178 5461
1179 5461
1180 5461
1181 5461
1182 5461
1183 5461
1184 5461
1185 5461
1186 5479
1187 5479
1188 5479
1189 5479
1190 5479
1191 5479
1192 5479
1193 5479
1194 5479
1195 5479
1196 5479
1197 5479
1198 5479
1199 5479
1200 5479
1201 5479
1202 5479
1203 5479
1204 5479
1205 5479
1206 5479
1207 5479
1208 5479
1209 5479
1210 5479
1211 5479
1212 5479
1213 5479
1214 5479
1215 5479
1216 5479
1217 5479
1218 5479
1219 5479
1220 5479
1221 5479
1222 5479
1223 5479
1224 5479
1225 5479
1226 5479
1227 5479
1228 5479
1229 5479
1230 5479
1231 5479
1232 5479
1233 5479
1234 5479
1235 5479
1236 5479
1237 5479
1238 5479
1239 5479
1240 5479
1241 5479
1242 5479
1243 5479
1244 5479
1245 5479
1246 5479
1247 5479
1248 5479
1249 5479
1250 5479
1251 5479
1252 5479
1253 5479
1254 5479
1255 5479
1256 5479
1257 5479
1258 5479
1259 5479
1260 5479
1261 5479
1262 5479
1263 5479
1264 5479
1265 5479
1266 5479
1267 5479
1268 5479
1269 5479
1270 5479
1271 5479
1272 5479
1273 5479
1274 5479
1275 5479
1276 5479
1277 5479
1278 5479
1279 5479
1280 5479
1281 5479
1282 5479
1283 5479
1284 5479
1285 5479
1286 5479
1287 5479
1288 5479
1289 5479
1290 5479
1291 5479
1292 5479
1293 5479
1294 5479
1295 5479
1296 5479
1297 5479
1298 5479
1299 5479
1300 5479
1301 5479
1302 5479
1303 5479
1304 5479
1305 5479
1306 5479
1307 5479
1308 5479
1309 5479
1310 5479
1311 5479
1312 5479
1313 5479
1314 5479
1315 5479
1316 5479
1317 5479
1318 5479
1319 5479
1320 5479
1321 5479
1322 5479
1323 5479
1324 5479
1325 5479
1326 5479
1327 5479
1328 5479
1329 5479
1330 5479
1331 5479
1332 5479
1333 5479
1334 5479
1335 5479
1336 5479
1337 5479
1338 5479
1339 5479
1340 5479
1341 5479
1342 5479
1343 5479
1344 5479
1345 5479
1346 5479
1347 5479
1348 5479
1349 5479
1350 5479
1351 5479
1352 5479
1353 5479
1354 5479
1355 5479
1356 5479
1357 5479
1358 5479
1359 5479
1360 5479
1361 5479
1362 5479
1363 5479
1364 5479
1365 5479
1366 5479
1367 5479
1368 5479
1369 5479
1370 5479
1371 5479
1372 5479
1373 5479
1374 5479
1375 5479
1376 5479
1377 5479
1378 5479
1379 5479
1380 5479
1381 5479
1382 5479
1383 5479
1384 5479
1385 5479
1386 5479
1387 5479
1388 5479
1389 5479
1390 5479
1391 5479
1392 5479
1393 5479
1394 5479
1395 5479
1396 5479
1397 5479
1398 5479
1399 5479
1400 5479
1401 5479
1402 5479
1403 5479
1404 5479
1405 5479
1406 5479
1407 5479
1408 5479
1409 5479
1410 5479
1411 5479
1412 5479
1413 5479
1414 5479
1415 5479
1416 5479
1417 5479
1418 5479
1419 5479
1420 5479
1421 5479
1422 5479
1423 5479
1424 5479
1425 5479
1426 5479
1427 5479
1428 5479
1429 5479
1430 5479
1431 5479
1432 5479
1433 5479
1434 5479
1435 5479
1436 5479
1437 5479
1438 5479
1439 5479
1440 5479
1441 5479
1442 5479
1443 5479
1444 5479
1445 5479
1446 5479
1447 5479
1448 5479
1449 5479
1450 5479
1451 5479
1452 5479
1453 5479
1454 5479
1455 5479
1456 5479
1457 5479
1458 5479
1459 5479
1460 5479
1461 5479
1462 5479
1463 5479
1464 5479
1465 5479
1466 5479
1467 5479
1468 5479
1469 5479
1470 5479
1471 5479
1472 5479
1473 5479
1474 5479
1475 5479
1476 5479
1477 5479
1478 5479
1479 5479
1480 5479
1481 5479
1482 5479
1483 5479
1484 5479
1485 5479
1486 5479
1487 5479
1488 5479
1489 5479
1490 5479
1491 5479
1492 5479
1493 5479
1494 5479
1495 5479
1496 5479
1497 5479
1498 5479
1499 5479
1500 5479
1501 5479
1502 5479
1503 5479
1504 5479
1505 5479
1506 5479
1507 5479
1508 5479
1509 5479
1510 5479
1511 5479
1512 5479
1513 5479
1514 5479
1515 5479
1516 5479
1517 5479
1518 5479
1519 5479
1520 5479
1521 5479
1522 5479
1523 5479
1524 5479
1525 5479
1526 5479
1527 5479
1528 5479
1529 5479
1530 5479
1531 5479
1532 5479
1533 5479
1534 5479
1535 5479
1536 5479
1537 5479
1538 5479
1539 5479
1540 5479
1541 5479
1542 5479
1543 5479
1544 5479
1545 5479
1546 5479
1547 5479
1548 5479
1549 5479
1550 5479
1551 5479
1552 5479
1553 5479
1554 5479
1555 5479
1556 5479
1557 5479
1558 5479
1559 5479
1560 5479
1561 5479
1562 5479
1563 5479
1564 5479
1565 5479
1566 5479
1567 5479
1568 5479
1569 5479
1570 5479
1571 5479
1572 5479
1573 5479
1574 5479
1575 5479
1576 5479
1577 5479
1578 5479
1579 5479
1580 5479
1581 5479
1582 5479
1583 5479
1584 5479
1585 5479
1586 5479
1587 5479
1588 5479
1589 5479
1590 5479
1591 5479
1592 5479
1593 5479
1594 5479
1595 5479
1596 5479
1597 5479
1598 5479
1599 5479
1600 5479
1601 5479
1602 5479
1603 5479
1604 5479
1605 5479
1606 5479
1607 5479
1608 5479
1609 5479
1610 5479
1611 5479
1612 5479
1613 5479
1614 5479
1615 5479
1616 5479
1617 5479
1618 5479
1619 5479
1620 5479
1621 5479
1622 5479
1623 5479
1624 5479
1625 5479
1626 5479
1627 5479
1628 5479
1629 5479
1630 5479
1631 5479
1632 5479
1633 5479
1634 5479
1635 5479
1636 5479
1637 5479
1638 5479
1639 5479
1640 5479
1641 5479
1642 5479
1643 5479
1644 5479
1645 5479
1646 5479
1647 5479
1648 5479
1649 5479
1650 5479
1651 5479
1652 5479
1653 5479
1654 5479
1655 5479
1656 5479
1657 5479
1658 5479
1659 5479
1660 5479
1661 5479
1662 5479
1663 5479
1664 5479
1665 5479
1666 5479
1667 5479
1668 5479
1669 5479
1670 5479
1671 5479
1672 5479
1673 5479
1674 5479
1675 5479
1676 5479
1677 5479
1678 5479
1679 5479
1680 5479
1681 5479
1682 5479
1683 5479
1684 5479
1685 5479
1686 5479
1687 5479
1688 5479
1689 5479
1690 5479
1691 5479
1692 5479
1693 5479
1694 5479
1695 5479
1696 5479
1697 5479
1698 5479
1699 5479
1700 5479
1701 5479
1702 5479
1703 5479
1704 5479
1705 5479
1706 5479
1707 5479
1708 5479
1709 5479
1710 5479
1711 5479
1712 5479
1713 5479
1714 5479
1715 5479
1716 5479
1717 5479
1718 5479
1719 5479
1720 5479
1721 5479
1722 5479
1723 5479
1724 5479
1725 5479
1726 5479
1727 5479
1728 5479
1729 5479
1730 5479
1731 5479
1732 5479
1733 5479
1734 5479
1735 5479
1736 5479
1737 5479
1738 5479
1739 5479
1740 5479
1741 5479
1742 5479
1743 5479
1744 5479
1745 5479
1746 5479
1747 5479
1748 5479
1749 5479
1750 5479
1751 5479
1752 5479
1753 5479
1754 5479
1755 5479
1756 5479
1757 5479
1758 5479
1759 5479
1760 5479
1761 5479
1762 5479
1763 5479
1764 5479
1765 5479
1766 5479
1767 5479
1768 5479
1769 5479
1770 5479
1771 5479
1772 5479
1773 5479
1774 5479
1775 5479
1776 5479
1777 5479
1778 5479
1779 5479
1780 5479
1781 5479
1782 5479
1783 5479
1784 5479
1785 5479
1786 5479
1787 5479
1788 5479
1789 5479
1790 5479
1791 5479
1792 5479
1793 5479
1794 5479
1795 5479
1796 5479
1797 5479
1798 5479
1799 5479
1800 5479
1801 5479
1802 5479
1803 5479
1804 5479
1805 5479
1806 5479
1807 5479
1808 5479
1809 5479
1810 5479
1811 5479
1812 5479
1813 5479
1814 5479
1815 5479
1816 5479
1817 5479
1818 5479
1819 5479
1820 5479
1821 5479
1822 5479
1823 5479
1824 5479
1825 5479
1826 5479
1827 5479
1828 5479
1829 5479
1830 5479
1831 5479
1832 5479
1833 5479
1834 5479
1835 5479
1836 5479
1837 5479
1838 5479
1839 5479
1840 5479
1841 5479
1842 5479
1843 5479
1844 5479
1845 5479
1846 5479
1847 5479
1848 5479
1849 5479
1850 5479
1851 5479
1852 5479
1853 5479
1854 5479
1855 5479
1856 5479
1857 5479
1858 5479
1859 5479
1860 5479
1861 5479
1862 5479
1863 5479
1864 5479
1865 5479
1866 5479
1867 5479
1868 5479
1869 5479
1870 5479
1871 5479
1872 5479
1873 5479
1874 5479
1875 5479
1876 5479
1877 5479
1878 5479
1879 5479
1880 5479
1881 5479
1882 5479
1883 5479
1884 5479
1885 5479
1886 5479
1887 5479
1888 5479
1889 5479
1890 5479
1891 5479
1892 5479
1893 5479
1894 5479
1895 5479
1896 5479
1897 5479
1898 5479
1899 5479
1900 5479
1901 5479
1902 5479
1903 5479
1904 5479
1905 5479
1906 5479
1907 5479
1908 5479
1909 5479
1910 5479
1911 5479
1912 5479
1913 5479
1914 5479
1915 5479
1916 5479
1917 5479
1918 5479
1919 5479
1920 5479
1921 5479
1922 5479
1923 5479
1924 5479
1925 5479
1926 5479
1927 5479
1928 5479
1929 5479
1930 5479
1931 5479
1932 5479
1933 5479
1934 5479
1935 5479
1936 5479
1937 5479
1938 5479
1939 5479
1940 5479
1941 5479
1942 5479
1943 5479
1944 5479
1945 5479
1946 5479
1947 5479
1948 5479
1949 5479
1950 5479
1951 5479
1952 5479
1953 5479
1954 5479
1955 5479
1956 5479
1957 5479
1958 5479
1959 5479
1960 5479
1961 5479
1962 5479
1963 5479
1964 5479
1965 5479
1966 5479
1967 5479
1968 5479
1969 5479
1970 5479
1971 5479
1972 5479
1973 5479
1974 5479
1975 5479
1976 5479
1977 5479
1978 5479
1979 5479
1980 5479
1981 5479
1982 5479
1983 5479
1984 5479
1985 5479
1986 5479
1987 5479
1988 5479
1989 5479
1990 5479
1991 5479
1992 5479
1993 5479
1994 5479
1995 5479
1996 5479
1997 5479
1998 5479
1999 5479
2000 5479
2001 5479
2002 5479
2003 5479
2004 5479
2005 5479
2006 5479
2007 5479
2008 5479
2009 5479
2010 5479
2011 5479
2012 5479
2013 5479
2014 5479
2015 5479
2016 5479
2017 5479
2018 5479
2019 5479
2020 5479
2021 5479
2022 5479
2023 5479
2024 5479
2025 5479
2026 5479
2027 5479
2028 5479
2029 5479
2030 5479
2031 5479
2032 5479
2033 5479
2034 5479
2035 5479
2036 5479
2037 5479
2038 5479
2039 5479
2040 5479
2041 5479
2042 5479
2043 5479
2044 5479
2045 5479
2046 5479
2047 5479
2048 5479
2049 5479
2050 5479
2051 5479
2052 5479
2053 5479
2054 5479
2055 5479
2056 5479
2057 5479
2058 5479
2059 5479
2060 5479
2061 5479
2062 5479
2063 5479
2064 5479
2065 5479
2066 5479
2067 5479
2068 5479
2069 5479
2070 5479
2071 5479
2072 5479
2073 5479
2074 5479
2075 5479
2076 5479
2077 5479
2078 5479
2079 5479
2080 5479
2081 5479
2082 5479
2083 5479
2084 5479
2085 5479
2086 5479
2087 5479
2088 5479
2089 5479
2090 5479
2091 5479
2092 5479
2093 5479
2094 5479
2095 5479
2096 5479
2097 5479
2098 5479
2099 5479
2100 5479
2101 5479
2102 5479
2103 5479
2104 5479
2105 5479
2106 5479
2107 5479
2108 5479
2109 5479
2110 5479
2111 5479
2112 5479
2113 5479
2114 5479
2115 5479
2116 5479
2117 5479
2118 5479
2119 5479
2120 5479
2121 5479
2122 5479
2123 5479
2124 5479
2125 5479
2126 5479
2127 5479
2128 5479
2129 5479
2130 5479
2131 5479
2132 5479
2133 5479
2134 5479
2135 5479
2136 5479
2137 5479
2138 5479
2139 5479
2140 5479
2141 5479
2142 5479
2143 5479
2144 5479
2145 5479
2146 5479
2147 5479
2148 5479
2149 5479
2150 5479
2151 5479
2152 5479
2153 5479
2154 5479
2155 5479
2156 5479
2157 5479
2158 5479
2159 5479
2160 5479
2161 5479
2162 5479
2163 5479
2164 5479
2165 5479
2166 5479
2167 5479
2168 5479
2169 5479
2170 5479
2171 5479
2172 5479
2173 5479
2174 5479
2175 5479
2176 5479
2177 5479
2178 5479
2179 5479
2180 5479
2181 5479
2182 5479
2183 5479
2184 5479
2185 5479
2186 5479
2187 5479
2188 5479
2189 5479
2190 5479
2191 5479
2192 5479
2193 5479
2194 5479
2195 5479
2196 5479
2197 5479
2198 5479
2199 5479
2200 5479
2201 5479
2202 5479
2203 5479
2204 5479
2205 5479
2206 5479
2207 5479
2208 5479
2209 5479
2210 5479
2211 5479
2212 5479
2213 5479
2214 5479
2215 5479
2216 5479
2217 5479
2218 5479
2219 5479
2220 5479
2221 5479
2222 5479
2223 5479
2224 5479
2225 5479
2226 5479
2227 5479
2228 5479
2229 5479
2230 5479
2231 5479
2232 5479
2233 5479
2234 5479
2235 5479
2236 5479
2237 5479
2238 5479
2239 5479
2240 5479
2241 5479
2242 5479
2243 5479
2244 5479
2245 5479
2246 5479
2247 5479
2248 5479
2249 5479
2250 5479
2251 5479
2252 5479
2253 5479
2254 5479
2255 5479
2256 5479
2257 5479
2258 5479
2259 5479
2260 5479
2261 5479
2262 5479
2263 5479
2264 5479
2265 5479
2266 5479
2267 5479
2268 5479
2269 5479
2270 5479
2271 5479
2272 5479
2273 5479
2274 5479
2275 5479
2276 5479
2277 5479
2278 5479
2279 5479
2280 5479
2281 5479
2282 5479
2283 5479
2284 5479
2285 5479
2286 5479
2287 5479
2288 5479
2289 5479
2290 5479
2291 5479
2292 5479
2293 5479
2294 5479
2295 5479
2296 5479
2297 5479
2298 5479
2299 5479
2300 5479
2301 5479
2302 5479
2303 5479
2304 5479
2305 5479
2306 5479
2307 5479
2308 5479
2309 5479
2310 5479
2311 5479
2312 5479
2313 5479
2314 5479
2315 5479
2316 5479
2317 5479
2318 5479
2319 5479
2320 5479
2321 5479
2322 5479
2323 5479
2324 5479
2325 5479
2326 5479
2327 5479
2328 5479
2329 5479
2330 5479
2331 5479
2332 5479
2333 5479
2334 5479
2335 5479
2336 5479
2337 5479
2338 5479
2339 5479
2340 5479
2341 5479
2342 5479
2343 5479
2344 5479
2345 5479
2346 5479
2347 5479
2348 5479
2349 5479
2350 5479
2351 5479
2352 5479
2353 5479
2354 5479
2355 5479
2356 5479
2357 5479
2358 5479
2359 5479
2360 5479
2361 5479
2362 5479
2363 5479
2364 5479
2365 5479
2366 5514
2367 5514
2368 5514
2369 5514
2370 5514
2371 5514
2372 5514
2373 5514
2374 5514
2375 5514
2376 5514
2377 5514
2378 5514
2379 5514
2380 5514
2381 5514
2382 5514
2383 5514
2384 5514
2385 5514
2386 5514
2387 5514
2388 5514
2389 5514
2390 5514
2391 5514
2392 5514
2393 5514
2394 5514
2395 5514
2396 5514
2397 5514
2398 5514
2399 5514
2400 5514
2401 5514
2402 5514
2403 5514
2404 5514
2405 5514
2406 5514
2407 5514
2408 5514
2409 5514
2410 5514
2411 5514
2412 5514
2413 5514
2414 5514
2415 5514
2416 5514
2417 5514
2418 5514
2419 5514
2420 5514
2421 5514
2422 5514
2423 5514
2424 5514
2425 5514
2426 5514
2427 5514
2428 5514
2429 5514
2430 5514
2431 5514
2432 5514
2433 5514
2434 5514
2435 5514
2436 5514
2437 5514
2438 5514
2439 5514
2440 5514
2441 5514
2442 5514
2443 5514
2444 5514
2445 5514
2446 5520
2447 5520
2448 5520
2449 5520
2450 5520
2451 5520
2452 5520
2453 5520
2454 5520
2455 5520
2456 5520
2457 5520
2458 5520
2459 5520
2460 5520
2461 5520
2462 5520
2463 5520
2464 5520
2465 5520
2466 5522
2467 5522
2468 5522
2469 5522
2470 5522
2471 5522
2472 5522
2473 5522
2474 5522
2475 5522
2476 5522
2477 5522
2478 5522
2479 5522
2480 5522
2481 5522
2482 5522
2483 5522
2484 5522
2485 5522
2486 5522
2487 5522
2488 5522
2489 5522
2490 5522
2491 5522
2492 5522
2493 5522
2494 5522
2495 5522
2496 5522
2497 5522
2498 5522
2499 5522
2500 5522
2501 5522
2502 5522
2503 5522
2504 5522
2505 5522
2506 5534
2507 5534
2508 5534
2509 5534
2510 5534
2511 5534
2512 5534
2513 5534
2514 5534
2515 5534
2516 5534
2517 5534
2518 5534
2519 5534
2520 5534
2521 5534
2522 5534
2523 5534
2524 5534
2525 5534
2526 5534
2527 5534
2528 5534
2529 5534
2530 5534
2531 5534
2532 5534
2533 5534
2534 5534
2535 5534
2536 5550
2537 5550
2538 5550
2539 5550
2540 5550
2541 5550
2542 5550
2543 5550
2544 5550
2545 5550
2546 5550
2547 5550
2548 5550
2549 5550
2550 5550
2551 5550
2552 5550
2553 5550
2554 5550
2555 5550
2556 5550
2557 5550
2558 5550
2559 5550
2560 5550
2561 5550
2562 5550
2563 5550
2564 5550
2565 5550
2566 5551
2567 5551
2568 5551
2569 5551
2570 5551
2571 5551
2572 5551
2573 5551
2574 5551
2575 5551
2576 5551
2577 5551
2578 5551
2579 5551
2580 5551
2581 5551
2582 5551
2583 5551
2584 5551
2585 5551
2586 5551
2587 5551
2588 5551
2589 5551
2590 5551
2591 5551
2592 5551
2593 5551
2594 5551
2595 5551
2596 5551
2597 5551
2598 5551
2599 5551
2600 5551
2601 5551
2602 5551
2603 5551
2604 5551
2605 5551
2606 5551
2607 5551
2608 5551
2609 5551
2610 5551
2611 5551
2612 5551
2613 5551
2614 5551
2615 5551
2616 5551
2617 5551
2618 5551
2619 5551
2620 5551
2621 5551
2622 5551
2623 5551
2624 5551
2625 5551
2626 5551
2627 5551
2628 5551
2629 5551
2630 5551
2631 5551
2632 5551
2633 5551
2634 5551
2635 5551
2636 5551
2637 5551
2638 5551
2639 5551
2640 5551
2641 5551
2642 5551
2643 5551
2644 5551
2645 5551
2646 5551
2647 5551
2648 5551
2649 5551
2650 5551
2651 5551
2652 5551
2653 5551
2654 5551
2655 5551
2656 5551
2657 5551
2658 5551
2659 5551
2660 5551
2661 5551
2662 5551
2663 5551
2664 5551
2665 5551
2666 5551
2667 5551
2668 5551
2669 5551
2670 5551
2671 5551
2672 5551
2673 5551
2674 5551
2675 5551
2676 5551
2677 5551
2678 5551
2679 5551
2680 5551
2681 5551
2682 5551
2683 5551
2684 5551
2685 5551
2686 5551
2687 5551
2688 5551
2689 5551
2690 5551
2691 5551
2692 5551
2693 5551
2694 5551
2695 5551
2696 5551
2697 5551
2698 5551
2699 5551
2700 5551
2701 5551
2702 5551
2703 5551
2704 5551
2705 5551
2706 5551
2707 5551
2708 5551
2709 5551
2710 5551
2711 5551
2712 5551
2713 5551
2714 5551
2715 5551
2716 5551
2717 5551
2718 5551
2719 5551
2720 5551
2721 5551
2722 5551
2723 5551
2724 5551
2725 5551
2726 5551
2727 5551
2728 5551
2729 5551
2730 5551
2731 5551
2732 5551
2733 5551
2734 5551
2735 5551
2736 5551
2737 5551
2738 5551
2739 5551
2740 5551
2741 5551
2742 5551
2743 5551
2744 5551
2745 5551
2746 5551
2747 5551
2748 5551
2749 5551
2750 5551
2751 5551
2752 5551
2753 5551
2754 5551
2755 5551
2756 5551
2757 5551
2758 5551
2759 5551
2760 5551
2761 5551
2762 5551
2763 5551
2764 5551
2765 5551
2766 5551
2767 5551
2768 5551
2769 5551
2770 5551
2771 5551
2772 5551
2773 5551
2774 5551
2775 5551
2776 5551
2777 5551
2778 5551
2779 5551
2780 5551
2781 5551
2782 5551
2783 5551
2784 5551
2785 5551
2786 5551
2787 5551
2788 5551
2789 5551
2790 5551
2791 5551
2792 5551
2793 5551
2794 5551
2795 5551
2796 5551
2797 5551
2798 5551
2799 5551
2800 5551
2801 5551
2802 5551
2803 5551
2804 5551
2805 5551
2806 5551
2807 5551
2808 5551
2809 5551
2810 5551
2811 5551
2812 5551
2813 5551
2814 5551
2815 5551
2816 5551
2817 5551
2818 5551
2819 5551
2820 5551
2821 5551
2822 5551
2823 5551
2824 5551
2825 5551
2826 5551
2827 5551
2828 5551
2829 5551
2830 5551
2831 5551
2832 5551
2833 5551
2834 5551
2835 5551
2836 5551
2837 5551
2838 5551
2839 5551
2840 5551
2841 5551
2842 5551
2843 5551
2844 5551
2845 5551
2846 5551
2847 5551
2848 5551
2849 5551
2850 5551
2851 5551
2852 5551
2853 5551
2854 5551
2855 5551
2856 5551
2857 5551
2858 5551
2859 5551
2860 5551
2861 5551
2862 5551
2863 5551
2864 5551
2865 5551
2866 5551
2867 5551
2868 5551
2869 5551
2870 5551
2871 5551
2872 5551
2873 5551
2874 5551
2875 5551
2876 5551
2877 5551
2878 5551
2879 5551
2880 5551
2881 5551
2882 5551
2883 5551
2884 5551
2885 5551
2886 5551
2887 5551
2888 5551
2889 5551
2890 5551
2891 5551
2892 5551
2893 5551
2894 5551
2895 5551
2896 5551
2897 5551
2898 5551
2899 5551
2900 5551
2901 5551
2902 5551
2903 5551
2904 5551
2905 5551
2906 5551
2907 5551
2908 5551
2909 5551
2910 5551
2911 5551
2912 5551
2913 5551
2914 5551
2915 5551
2916 5556
2917 5556
2918 5556
2919 5556
2920 5556
2921 5556
2922 5556
2923 5556
2924 5556
2925 5556
2926 5556
2927 5556
2928 5556
2929 5556
2930 5556
2931 5556
2932 5556
2933 5556
2934 5556
2935 5556
2936 5556
2937 5556
2938 5556
2939 5556
2940 5556
2941 5556
2942 5556
2943 5556
2944 5556
2945 5556
2946 5556
2947 5556
2948 5556
2949 5556
2950 5556
2951 5556
2952 5556
2953 5556
2954 5556
2955 5556
2956 5556
2957 5556
2958 5556
2959 5556
2960 5556
2961 5556
2962 5556
2963 5556
2964 5556
2965 5556
2966 5556
2967 5556
2968 5556
2969 5556
2970 5556
2971 5556
2972 5556
2973 5556
2974 5556
2975 5556
2976 5566
2977 5566
2978 5566
2979 5566
2980 5566
2981 5566
2982 5566
2983 5566
2984 5566
2985 5566
2986 5566
2987 5566
2988 5566
2989 5566
2990 5566
2991 5566
2992 5566
2993 5566
2994 5566
2995 5566
2996 5566
2997 5566
2998 5566
2999 5566
3000 5566
3001 5566
3002 5566
3003 5566
3004 5566
3005 5566
3006 5566
3007 5566
3008 5566
3009 5566
3010 5566
3011 5566
3012 5566
3013 5566
3014 5566
3015 5566
3016 5566
3017 5566
3018 5566
3019 5566
3020 5566
3021 5566
3022 5566
3023 5566
3024 5566
3025 5566
3026 5566
3027 5566
3028 5566
3029 5566
3030 5566
3031 5566
3032 5566
3033 5566
3034 5566
3035 5566
3036 5566
3037 5566
3038 5566
3039 5566
3040 5566
3041 5566
3042 5566
3043 5566
3044 5566
3045 5566
3046 5566
3047 5566
3048 5566
3049 5566
3050 5566
3051 5566
3052 5566
3053 5566
3054 5566
3055 5566
3056 5566
3057 5566
3058 5566
3059 5566
3060 5566
3061 5566
3062 5566
3063 5566
3064 5566
3065 5566
3066 5566
3067 5566
3068 5566
3069 5566
3070 5566
3071 5566
3072 5566
3073 5566
3074 5566
3075 5566
3076 5582
3077 5582
3078 5582
3079 5582
3080 5582
3081 5582
3082 5582
3083 5582
3084 5582
3085 5582
3086 5582
3087 5582
3088 5582
3089 5582
3090 5582
3091 5582
3092 5582
3093 5582
3094 5582
3095 5582
3096 5582
3097 5582
3098 5582
3099 5582
3100 5582
3101 5582
3102 5582
3103 5582
3104 5582
3105 5582
3106 5582
3107 5582
3108 5582
3109 5582
3110 5582
3111 5582
3112 5582
3113 5582
3114 5582
3115 5582
3116 5582
3117 5582
3118 5582
3119 5582
3120 5582
3121 5582
3122 5582
3123 5582
3124 5582
3125 5582
3126 5582
3127 5582
3128 5582
3129 5582
3130 5582
3131 5582
3132 5582
3133 5582
3134 5582
3135 5582
3136 5582
3137 5582
3138 5582
3139 5582
3140 5582
3141 5582
3142 5582
3143 5582
3144 5582
3145 5582
3146 5582
3147 5582
3148 5582
3149 5582
3150 5582
3151 5582
3152 5582
3153 5582
3154 5582
3155 5582
3156 5582
3157 5582
3158 5582
3159 5582
3160 5582
3161 5582
3162 5582
3163 5582
3164 5582
3165 5582
3166 5582
3167 5582
3168 5582
3169 5582
3170 5582
3171 5582
3172 5582
3173 5582
3174 5582
3175 5582
3176 5582
3177 5582
3178 5582
3179 5582
3180 5582
3181 5582
3182 5582
3183 5582
3184 5582
3185 5582
3186 5592
3187 5592
3188 5592
3189 5592
3190 5592
3191 5592
3192 5592
3193 5592
3194 5592
3195 5592
3196 5592
3197 5592
3198 5592
3199 5592
3200 5592
3201 5592
3202 5592
3203 5592
3204 5592
3205 5592
3206 5592
3207 5592
3208 5592
3209 5592
3210 5592
3211 5592
3212 5592
3213 5592
3214 5592
3215 5592
3216 5592
3217 5592
3218 5592
3219 5592
3220 5592
3221 5592
3222 5592
3223 5592
3224 5592
3225 5592
3226 5594
3227 5594
3228 5594
3229 5594
3230 5594
3231 5594
3232 5594
3233 5594
3234 5594
3235 5594
3236 5594
3237 5594
3238 5594
3239 5594
3240 5594
3241 5594
3242 5594
3243 5594
3244 5594
3245 5594
3246 5594
3247 5594
3248 5594
3249 5594
3250 5594
3251 5594
3252 5594
3253 5594
3254 5594
3255 5594
3256 5594
3257 5594
3258 5594
3259 5594
3260 5594
3261 5594
3262 5594
3263 5594
3264 5594
3265 5594
3266 5594
3267 5594
3268 5594
3269 5594
3270 5594
3271 5594
3272 5594
3273 5594
3274 5594
3275 5594
3276 5594
3277 5594
3278 5594
3279 5594
3280 5594
3281 5594
3282 5594
3283 5594
3284 5594
3285 5594
3286 5594
3287 5594
3288 5594
3289 5594
3290 5594
3291 5594
3292 5594
3293 5594
3294 5594
3295 5594
3296 5594
3297 5594
3298 5594
3299 5594
3300 5594
3301 5594
3302 5594
3303 5594
3304 5594
3305 5594
3306 5594
3307 5594
3308 5594
3309 5594
3310 5594
3311 5594
3312 5594
3313 5594
3314 5594
3315 5594
3316 5594
3317 5594
3318 5594
3319 5594
3320 5594
3321 5594
3322 5594
3323 5594
3324 5594
3325 5594
3326 5594
3327 5594
3328 5594
3329 5594
3330 5594
3331 5594
3332 5594
3333 5594
3334 5594
3335 5594
3336 5594
3337 5594
3338 5594
3339 5594
3340 5594
3341 5594
3342 5594
3343 5594
3344 5594
3345 5594
3346 5594
3347 5594
3348 5594
3349 5594
3350 5594
3351 5594
3352 5594
3353 5594
3354 5594
3355 5594
3356 5594
3357 5594
3358 5594
3359 5594
3360 5594
3361 5594
3362 5594
3363 5594
3364 5594
3365 5594
3366 5594
3367 5594
3368 5594
3369 5594
3370 5594
3371 5594
3372 5594
3373 5594
3374 5594
3375 5594
3376 5594
3377 5594
3378 5594
3379 5594
3380 5594
3381 5594
3382 5594
3383 5594
3384 5594
3385 5594
3386 5594
3387 5594
3388 5594
3389 5594
3390 5594
3391 5594
3392 5594
3393 5594
3394 5594
3395 5594
3396 5594
3397 5594
3398 5594
3399 5594
3400 5594
3401 5594
3402 5594
3403 5594
3404 5594
3405 5594
3406 5594
3407 5594
3408 5594
3409 5594
3410 5594
3411 5594
3412 5594
3413 5594
3414 5594
3415 5594
3416 5594
3417 5594
3418 5594
3419 5594
3420 5594
3421 5594
3422 5594
3423 5594
3424 5594
3425 5594
3426 5594
3427 5594
3428 5594
3429 5594
3430 5594
3431 5594
3432 5594
3433 5594
3434 5594
3435 5594
3436 5594
3437 5594
3438 5594
3439 5594
3440 5594
3441 5594
3442 5594
3443 5594
3444 5594
3445 5594
3446 5594
3447 5594
3448 5594
3449 5594
3450 5594
3451 5594
3452 5594
3453 5594
3454 5594
3455 5594
3456 5594
3457 5594
3458 5594
3459 5594
3460 5594
3461 5594
3462 5594
3463 5594
3464 5594
3465 5594
3466 5594
3467 5594
3468 5594
3469 5594
3470 5594
3471 5594
3472 5594
3473 5594
3474 5594
3475 5594
3476 5594
3477 5594
3478 5594
3479 5594
3480 5594
3481 5594
3482 5594
3483 5594
3484 5594
3485 5594
3486 5594
3487 5594
3488 5594
3489 5594
3490 5594
3491 5594
3492 5594
3493 5594
3494 5594
3495 5594
3496 5594
3497 5594
3498 5594
3499 5594
3500 5594
3501 5594
3502 5594
3503 5594
3504 5594
3505 5594
3506 5594
3507 5594
3508 5594
3509 5594
3510 5594
3511 5594
3512 5594
3513 5594
3514 5594
3515 5594
3516 5594
3517 5594
3518 5594
3519 5594
3520 5594
3521 5594
3522 5594
3523 5594
3524 5594
3525 5594
3526 5594
3527 5594
3528 5594
3529 5594
3530 5594
3531 5594
3532 5594
3533 5594
3534 5594
3535 5594
3536 5594
3537 5594
3538 5594
3539 5594
3540 5594
3541 5594
3542 5594
3543 5594
3544 5594
3545 5594
3546 5594
3547 5594
3548 5594
3549 5594
3550 5594
3551 5594
3552 5594
3553 5594
3554 5594
3555 5594
3556 5594
3557 5594
3558 5594
3559 5594
3560 5594
3561 5594
3562 5594
3563 5594
3564 5594
3565 5594
3566 5594
3567 5594
3568 5594
3569 5594
3570 5594
3571 5594
3572 5594
3573 5594
3574 5594
3575 5594
3576 5594
3577 5594
3578 5594
3579 5594
3580 5594
3581 5594
3582 5594
3583 5594
3584 5594
3585 5594
3586 5594
3587 5594
3588 5594
3589 5594
3590 5594
3591 5594
3592 5594
3593 5594
3594 5594
3595 5594
3596 5596
3597 5596
3598 5596
3599 5596
3600 5596
3601 5596
3602 5596
3603 5596
3604 5596
3605 5596
3606 5596
3607 5596
3608 5596
3609 5596
3610 5596
3611 5596
3612 5596
3613 5596
3614 5596
3615 5596
3616 5596
3617 5596
3618 5596
3619 5596
3620 5596
3621 5596
3622 5596
3623 5596
3624 5596
3625 5596
3626 5596
3627 5596
3628 5596
3629 5596
3630 5596
3631 5596
3632 5596
3633 5596
3634 5596
3635 5596
3636 5596
3637 5596
3638 5596
3639 5596
3640 5596
3641 5596
3642 5596
3643 5596
3644 5596
3645 5596
3646 5624
3647 5624
3648 5624
3649 5624
3650 5624
3651 5624
3652 5624
3653 5624
3654 5624
3655 5624
3656 5624
3657 5624
3658 5624
3659 5624
3660 5624
3661 5624
3662 5624
3663 5624
3664 5624
3665 5624
3666 5624
3667 5624
3668 5624
3669 5624
3670 5624
3671 5624
3672 5624
3673 5624
3674 5624
3675 5624
3676 5624
3677 5624
3678 5624
3679 5624
3680 5624
3681 5624
3682 5624
3683 5624
3684 5624
3685 5624
3686 5624
3687 5624
3688 5624
3689 5624
3690 5624
3691 5624
3692 5624
3693 5624
3694 5624
3695 5624
3696 5624
3697 5624
3698 5624
3699 5624
3700 5624
3701 5624
3702 5624
3703 5624
3704 5624
3705 5624
3706 5624
3707 5624
3708 5624
3709 5624
3710 5624
3711 5624
3712 5624
3713 5624
3714 5624
3715 5624
3716 5624
3717 5624
3718 5624
3719 5624
3720 5624
3721 5624
3722 5624
3723 5624
3724 5624
3725 5624
3726 5624
3727 5624
3728 5624
3729 5624
3730 5624
3731 5624
3732 5624
3733 5624
3734 5624
3735 5624
3736 5624
3737 5624
3738 5624
3739 5624
3740 5624
3741 5624
3742 5624
3743 5624
3744 5624
3745 5624
3746 5624
3747 5624
3748 5624
3749 5624
3750 5624
3751 5624
3752 5624
3753 5624
3754 5624
3755 5624
3756 5624
3757 5624
3758 5624
3759 5624
3760 5624
3761 5624
3762 5624
3763 5624
3764 5624
3765 5624
3766 5624
3767 5624
3768 5624
3769 5624
3770 5624
3771 5624
3772 5624
3773 5624
3774 5624
3775 5624
3776 5624
3777 5624
3778 5624
3779 5624
3780 5624
3781 5624
3782 5624
3783 5624
3784 5624
3785 5624
3786 5624
3787 5624
3788 5624
3789 5624
3790 5624
3791 5624
3792 5624
3793 5624
3794 5624
3795 5624
3796 5624
3797 5624
3798 5624
3799 5624
3800 5624
3801 5624
3802 5624
3803 5624
3804 5624
3805 5624
3806 5624
3807 5624
3808 5624
3809 5624
3810 5624
3811 5624
3812 5624
3813 5624
3814 5624
3815 5624
3816 5624
3817 5624
3818 5624
3819 5624
3820 5624
3821 5624
3822 5624
3823 5624
3824 5624
3825 5624
3826 5624
3827 5624
3828 5624
3829 5624
3830 5624
3831 5624
3832 5624
3833 5624
3834 5624
3835 5624
3836 5624
3837 5624
3838 5624
3839 5624
3840 5624
3841 5624
3842 5624
3843 5624
3844 5624
3845 5624
3846 5624
3847 5624
3848 5624
3849 5624
3850 5624
3851 5624
3852 5624
3853 5624
3854 5624
3855 5624
3856 5624
3857 5624
3858 5624
3859 5624
3860 5624
3861 5624
3862 5624
3863 5624
3864 5624
3865 5624
3866 5624
3867 5624
3868 5624
3869 5624
3870 5624
3871 5624
3872 5624
3873 5624
3874 5624
3875 5624
3876 5624
3877 5624
3878 5624
3879 5624
3880 5624
3881 5624
3882 5624
3883 5624
3884 5624
3885 5624
3886 5624
3887 5624
3888 5624
3889 5624
3890 5624
3891 5624
3892 5624
3893 5624
3894 5624
3895 5624
3896 5624
3897 5624
3898 5624
3899 5624
3900 5624
3901 5624
3902 5624
3903 5624
3904 5624
3905 5624
3906 5624
3907 5624
3908 5624
3909 5624
3910 5624
3911 5624
3912 5624
3913 5624
3914 5624
3915 5624
3916 5624
3917 5624
3918 5624
3919 5624
3920 5624
3921 5624
3922 5624
3923 5624
3924 5624
3925 5624
3926 5624
3927 5624
3928 5624
3929 5624
3930 5624
3931 5624
3932 5624
3933 5624
3934 5624
3935 5624
3936 5624
3937 5624
3938 5624
3939 5624
3940 5624
3941 5624
3942 5624
3943 5624
3944 5624
3945 5624
3946 5624
3947 5624
3948 5624
3949 5624
3950 5624
3951 5624
3952 5624
3953 5624
3954 5624
3955 5624
3956 5624
3957 5624
3958 5624
3959 5624
3960 5624
3961 5624
3962 5624
3963 5624
3964 5624
3965 5624
3966 5624
3967 5624
3968 5624
3969 5624
3970 5624
3971 5624
3972 5624
3973 5624
3974 5624
3975 5624
3976 5624
3977 5624
3978 5624
3979 5624
3980 5624
3981 5624
3982 5624
3983 5624
3984 5624
3985 5624
3986 5624
3987 5624
3988 5624
3989 5624
3990 5624
3991 5624
3992 5624
3993 5624
3994 5624
3995 5624
3996 5624
3997 5624
3998 5624
3999 5624
4000 5624
4001 5624
4002 5624
4003 5624
4004 5624
4005 5624
4006 5624
4007 5624
4008 5624
4009 5624
4010 5624
4011 5624
4012 5624
4013 5624
4014 5624
4015 5624
4016 5624
4017 5624
4018 5624
4019 5624
4020 5624
4021 5624
4022 5624
4023 5624
4024 5624
4025 5624
4026 5624
4027 5624
4028 5624
4029 5624
4030 5624
4031 5624
4032 5624
4033 5624
4034 5624
4035 5624
4036 5624
4037 5624
4038 5624
4039 5624
4040 5624
4041 5624
4042 5624
4043 5624
4044 5624
4045 5624
4046 5624
4047 5624
4048 5624
4049 5624
4050 5624
4051 5624
4052 5624
4053 5624
4054 5624
4055 5624
4056 5624
4057 5624
4058 5624
4059 5624
4060 5624
4061 5624
4062 5624
4063 5624
4064 5624
4065 5624
4066 5624
4067 5624
4068 5624
4069 5624
4070 5624
4071 5624
4072 5624
4073 5624
4074 5624
4075 5624
4076 5624
4077 5624
4078 5624
4079 5624
4080 5624
4081 5624
4082 5624
4083 5624
4084 5624
4085 5624
4086 5624
4087 5624
4088 5624
4089 5624
4090 5624
4091 5624
4092 5624
4093 5624
4094 5624
4095 5624
4096 5624
4097 5624
4098 5624
4099 5624
4100 5624
4101 5624
4102 5624
4103 5624
4104 5624
4105 5624
4106 5624
4107 5624
4108 5624
4109 5624
4110 5624
4111 5624
4112 5624
4113 5624
4114 5624
4115 5624
4116 5624
4117 5624
4118 5624
4119 5624
4120 5624
4121 5624
4122 5624
4123 5624
4124 5624
4125 5624
4126 5624
4127 5624
4128 5624
4129 5624
4130 5624
4131 5624
4132 5624
4133 5624
4134 5624
4135 5624
4136 5624
4137 5624
4138 5624
4139 5624
4140 5624
4141 5624
4142 5624
4143 5624
4144 5624
4145 5624
4146 5624
4147 5624
4148 5624
4149 5624
4150 5624
4151 5624
4152 5624
4153 5624
4154 5624
4155 5624
4156 5624
4157 5624
4158 5624
4159 5624
4160 5624
4161 5624
4162 5624
4163 5624
4164 5624
4165 5624
4166 5624
4167 5624
4168 5624
4169 5624
4170 5624
4171 5624
4172 5624
4173 5624
4174 5624
4175 5624
4176 5624
4177 5624
4178 5624
4179 5624
4180 5624
4181 5624
4182 5624
4183 5624
4184 5624
4185 5624
4186 5624
4187 5624
4188 5624
4189 5624
4190 5624
4191 5624
4192 5624
4193 5624
4194 5624
4195 5624
4196 5624
4197 5624
4198 5624
4199 5624
4200 5624
4201 5624
4202 5624
4203 5624
4204 5624
4205 5624
4206 5624
4207 5624
4208 5624
4209 5624
4210 5624
4211 5624
4212 5624
4213 5624
4214 5624
4215 5624
4216 5624
4217 5624
4218 5624
4219 5624
4220 5624
4221 5624
4222 5624
4223 5624
4224 5624
4225 5624
4226 5624
4227 5624
4228 5624
4229 5624
4230 5624
4231 5624
4232 5624
4233 5624
4234 5624
4235 5624
4236 5624
4237 5624
4238 5624
4239 5624
4240 5624
4241 5624
4242 5624
4243 5624
4244 5624
4245 5624
4246 5624
4247 5624
4248 5624
4249 5624
4250 5624
4251 5624
4252 5624
4253 5624
4254 5624
4255 5624
4256 5624
4257 5624
4258 5624
4259 5624
4260 5624
4261 5624
4262 5624
4263 5624
4264 5624
4265 5624
4266 5624
4267 5624
4268 5624
4269 5624
4270 5624
4271 5624
4272 5624
4273 5624
4274 5624
4275 5624
4276 5624
4277 5624
4278 5624
4279 5624
4280 5624
4281 5624
4282 5624
4283 5624
4284 5624
4285 5624
4286 5624
4287 5624
4288 5624
4289 5624
4290 5624
4291 5624
4292 5624
4293 5624
4294 5624
4295 5624
4296 5624
4297 5624
4298 5624
4299 5624
4300 5624
4301 5624
4302 5624
4303 5624
4304 5624
4305 5624
4306 5624
4307 5624
4308 5624
4309 5624
4310 5624
4311 5624
4312 5624
4313 5624
4314 5624
4315 5624
4316 5624
4317 5624
4318 5624
4319 5624
4320 5624
4321 5624
4322 5624
4323 5624
4324 5624
4325 5624
4326 5624
4327 5624
4328 5624
4329 5624
4330 5624
4331 5624
4332 5624
4333 5624
4334 5624
4335 5624
4336 5624
4337 5624
4338 5624
4339 5624
4340 5624
4341 5624
4342 5624
4343 5624
4344 5624
4345 5624
4346 5624
4347 5624
4348 5624
4349 5624
4350 5624
4351 5624
4352 5624
4353 5624
4354 5624
4355 5624
4356 5624
4357 5624
4358 5624
4359 5624
4360 5624
4361 5624
4362 5624
4363 5624
4364 5624
4365 5624
4366 5624
4367 5624
4368 5624
4369 5624
4370 5624
4371 5624
4372 5624
4373 5624
4374 5624
4375 5624
4376 5624
4377 5624
4378 5624
4379 5624
4380 5624
4381 5624
4382 5624
4383 5624
4384 5624
4385 5624
4386 5624
4387 5624
4388 5624
4389 5624
4390 5624
4391 5624
4392 5624
4393 5624
4394 5624
4395 5624
4396 5624
4397 5624
4398 5624
4399 5624
4400 5624
4401 5624
4402 5624
4403 5624
4404 5624
4405 5624
4406 5624
4407 5624
4408 5624
4409 5624
4410 5624
4411 5624
4412 5624
4413 5624
4414 5624
4415 5624
4416 5624
4417 5624
4418 5624
4419 5624
4420 5624
4421 5624
4422 5624
4423 5624
4424 5624
4425 5624
4426 5624
4427 5624
4428 5624
4429 5624
4430 5624
4431 5624
4432 5624
4433 5624
4434 5624
4435 5624
4436 5624
4437 5624
4438 5624
4439 5624
4440 5624
4441 5624
4442 5624
4443 5624
4444 5624
4445 5624
4446 5624
4447 5624
4448 5624
4449 5624
4450 5624
4451 5624
4452 5624
4453 5624
4454 5624
4455 5624
4456 5624
4457 5624
4458 5624
4459 5624
4460 5624
4461 5624
4462 5624
4463 5624
4464 5624
4465 5624
4466 5624
4467 5624
4468 5624
4469 5624
4470 5624
4471 5624
4472 5624
4473 5624
4474 5624
4475 5624
4476 5624
4477 5624
4478 5624
4479 5624
4480 5624
4481 5624
4482 5624
4483 5624
4484 5624
4485 5624
4486 5624
4487 5624
4488 5624
4489 5624
4490 5624
4491 5624
4492 5624
4493 5624
4494 5624
4495 5624
4496 5624
4497 5624
4498 5624
4499 5624
4500 5624
4501 5624
4502 5624
4503 5624
4504 5624
4505 5624
4506 5624
4507 5624
4508 5624
4509 5624
4510 5624
4511 5624
4512 5624
4513 5624
4514 5624
4515 5624
4516 5624
4517 5624
4518 5624
4519 5624
4520 5624
4521 5624
4522 5624
4523 5624
4524 5624
4525 5624
4526 5624
4527 5624
4528 5624
4529 5624
4530 5624
4531 5624
4532 5624
4533 5624
4534 5624
4535 5624
4536 5624
4537 5624
4538 5624
4539 5624
4540 5624
4541 5624
4542 5624
4543 5624
4544 5624
4545 5624
4546 5624
4547 5624
4548 5624
4549 5624
4550 5624
4551 5624
4552 5624
4553 5624
4554 5624
4555 5624
4556 5624
4557 5624
4558 5624
4559 5624
4560 5624
4561 5624
4562 5624
4563 5624
4564 5624
4565 5624
4566 5624
4567 5624
4568 5624
4569 5624
4570 5624
4571 5624
4572 5624
4573 5624
4574 5624
4575 5624
4576 5624
4577 5624
4578 5624
4579 5624
4580 5624
4581 5624
4582 5624
4583 5624
4584 5624
4585 5624
4586 5624
4587 5624
4588 5624
4589 5624
4590 5624
4591 5624
4592 5624
4593 5624
4594 5624
4595 5624
4596 5624
4597 5624
4598 5624
4599 5624
4600 5624
4601 5624
4602 5624
4603 5624
4604 5624
4605 5624
4606 5624
4607 5624
4608 5624
4609 5624
4610 5624
4611 5624
4612 5624
4613 5624
4614 5624
4615 5624
4616 5624
4617 5624
4618 5624
4619 5624
4620 5624
4621 5624
4622 5624
4623 5624
4624 5624
4625 5624
4626 5624
4627 5624
4628 5624
4629 5624
4630 5624
4631 5624
4632 5624
4633 5624
4634 5624
4635 5624
4636 5624
4637 5624
4638 5624
4639 5624
4640 5624
4641 5624
4642 5624
4643 5624
4644 5624
4645 5624
4646 5624
4647 5624
4648 5624
4649 5624
4650 5624
4651 5624
4652 5624
4653 5624
4654 5624
4655 5624
4656 5624
4657 5624
4658 5624
4659 5624
4660 5624
4661 5624
4662 5624
4663 5624
4664 5624
4665 5624
4666 5624
4667 5624
4668 5624
4669 5624
4670 5624
4671 5624
4672 5624
4673 5624
4674 5624
4675 5624
4676 5624
4677 5624
4678 5624
4679 5624
4680 5624
4681 5624
4682 5624
4683 5624
4684 5624
4685 5624
4686 5624
4687 5624
4688 5624
4689 5624
4690 5624
4691 5624
4692 5624
4693 5624
4694 5624
4695 5624
4696 5624
4697 5624
4698 5624
4699 5624
4700 5624
4701 5624
4702 5624
4703 5624
4704 5624
4705 5624
4706 5624
4707 5624
4708 5624
4709 5624
4710 5624
4711 5624
4712 5624
4713 5624
4714 5624
4715 5624
4716 5624
4717 5624
4718 5624
4719 5624
4720 5624
4721 5624
4722 5624
4723 5624
4724 5624
4725 5624
4726 5624
4727 5624
4728 5624
4729 5624
4730 5624
4731 5624
4732 5624
4733 5624
4734 5624
4735 5624
4736 5624
4737 5624
4738 5624
4739 5624
4740 5624
4741 5624
4742 5624
4743 5624
4744 5624
4745 5624
4746 5624
4747 5624
4748 5624
4749 5624
4750 5624
4751 5624
4752 5624
4753 5624
4754 5624
4755 5624
4756 5624
4757 5624
4758 5624
4759 5624
4760 5624
4761 5624
4762 5624
4763 5624
4764 5624
4765 5624
4766 5624
4767 5624
4768 5624
4769 5624
4770 5624
4771 5624
4772 5624
4773 5624
4774 5624
4775 5624
4776 5624
4777 5624
4778 5624
4779 5624
4780 5624
4781 5624
4782 5624
4783 5624
4784 5624
4785 5624
4786 5624
4787 5624
4788 5624
4789 5624
4790 5624
4791 5624
4792 5624
4793 5624
4794 5624
4795 5624
4796 5624
4797 5624
4798 5624
4799 5624
4800 5624
4801 5624
4802 5624
4803 5624
4804 5624
4805 5624
4806 5624
4807 5624
4808 5624
4809 5624
4810 5624
4811 5624
4812 5624
4813 5624
4814 5624
4815 5624
4816 5624
4817 5624
4818 5624
4819 5624
4820 5624
4821 5624
4822 5624
4823 5624
4824 5624
4825 5624
4826 5624
4827 5624
4828 5624
4829 5624
4830 5624
4831 5624
4832 5624
4833 5624
4834 5624
4835 5624
4836 5630
4837 5630
4838 5630
4839 5630
4840 5630
4841 5630
4842 5630
4843 5630
4844 5630
4845 5630
4846 5630
4847 5630
4848 5630
4849 5630
4850 5630
4851 5630
4852 5630
4853 5630
4854 5630
4855 5630
4856 5630
4857 5630
4858 5630
4859 5630
4860 5630
4861 5630
4862 5630
4863 5630
4864 5630
4865 5630
4866 5630
4867 5630
4868 5630
4869 5630
4870 5630
4871 5630
4872 5630
4873 5630
4874 5630
4875 5630
4876 5630
4877 5630
4878 5630
4879 5630
4880 5630
4881 5630
4882 5630
4883 5630
4884 5630
4885 5630
4886 5630
4887 5630
4888 5630
4889 5630
4890 5630
4891 5630
4892 5630
4893 5630
4894 5630
4895 5630
4896 5630
4897 5630
4898 5630
4899 5630
4900 5630
4901 5630
4902 5630
4903 5630
4904 5630
4905 5630
4906 5630
4907 5630
4908 5630
4909 5630
4910 5630
4911 5630
4912 5630
4913 5630
4914 5630
4915 5630
4916 5630
4917 5630
4918 5630
4919 5630
4920 5630
4921 5630
4922 5630
4923 5630
4924 5630
4925 5630
4926 5630
4927 5630
4928 5630
4929 5630
4930 5630
4931 5630
4932 5630
4933 5630
4934 5630
4935 5630
4936 5630
4937 5630
4938 5630
4939 5630
4940 5630
4941 5630
4942 5630
4943 5630
4944 5630
4945 5630
4946 5630
4947 5630
4948 5630
4949 5630
4950 5630
4951 5630
4952 5630
4953 5630
4954 5630
4955 5630
4956 5630
4957 5630
4958 5630
4959 5630
4960 5630
4961 5630
4962 5630
4963 5630
4964 5630
4965 5630
4966 5630
4967 5630
4968 5630
4969 5630
4970 5630
4971 5630
4972 5630
4973 5630
4974 5630
4975 5630
4976 5630
4977 5630
4978 5630
4979 5630
4980 5630
4981 5630
4982 5630
4983 5630
4984 5630
4985 5630
4986 5630
4987 5630
4988 5630
4989 5630
4990 5630
4991 5630
4992 5630
4993 5630
4994 5630
4995 5630
4996 5630
4997 5630
4998 5630
4999 5630
5000 5630
5001 5630
5002 5630
5003 5630
5004 5630
5005 5630
5006 5630
5007 5630
5008 5630
5009 5630
5010 5630
5011 5630
5012 5630
5013 5630
5014 5630
5015 5630
5016 5630
5017 5630
5018 5630
5019 5630
5020 5630
5021 5630
5022 5630
5023 5630
5024 5630
5025 5630
5026 5630
5027 5630
5028 5630
5029 5630
5030 5630
5031 5630
5032 5630
5033 5630
5034 5630
5035 5630
5036 5630
5037 5630
5038 5630
5039 5630
5040 5630
5041 5630
5042 5630
5043 5630
5044 5630
5045 5630
5046 5630
5047 5630
5048 5630
5049 5630
5050 5630
5051 5630
5052 5630
5053 5630
5054 5630
5055 5630
5056 5630
5057 5630
5058 5630
5059 5630
5060 5630
5061 5630
5062 5630
5063 5630
5064 5630
5065 5630
5066 5631
5067 5631
5068 5631
5069 5631
5070 5631
5071 5631
5072 5631
5073 5631
5074 5631
5075 5631
5076 5631
5077 5631
5078 5631
5079 5631
5080 5631
5081 5631
5082 5631
5083 5631
5084 5631
5085 5631
5086 5631
5087 5631
5088 5631
5089 5631
5090 5631
5091 5631
5092 5631
5093 5631
5094 5631
5095 5631
5096 5631
5097 5631
5098 5631
5099 5631
5100 5631
5101 5631
5102 5631
5103 5631
5104 5631
5105 5631
5106 5631
5107 5631
5108 5631
5109 5631
5110 5631
5111 5631
5112 5631
5113 5631
5114 5631
5115 5631
5116 5631
5117 5631
5118 5631
5119 5631
5120 5631
5121 5631
5122 5631
5123 5631
5124 5631
5125 5631
5126 5631
5127 5631
5128 5631
5129 5631
5130 5631
5131 5631
5132 5631
5133 5631
5134 5631
5135 5631
5136 5631
5137 5631
5138 5631
5139 5631
5140 5631
5141 5631
5142 5631
5143 5631
5144 5631
5145 5631
5146 5631
5147 5631
5148 5631
5149 5631
5150 5631
5151 5631
5152 5631
5153 5631
5154 5631
5155 5631
5156 5631
5157 5631
5158 5631
5159 5631
5160 5631
5161 5631
5162 5631
5163 5631
5164 5631
5165 5631
5166 5631
5167 5631
5168 5631
5169 5631
5170 5631
5171 5631
5172 5631
5173 5631
5174 5631
5175 5631
5176 5631
5177 5631
5178 5631
5179 5631
5180 5631
5181 5631
5182 5631
5183 5631
5184 5631
5185 5631
5186 5631
5187 5631
5188 5631
5189 5631
5190 5631
5191 5631
5192 5631
5193 5631
5194 5631
5195 5631
5196 5631
5197 5631
5198 5631
5199 5631
5200 5631
5201 5631
5202 5631
5203 5631
5204 5631
5205 5631
5206 5631
5207 5631
5208 5631
5209 5631
5210 5631
5211 5631
5212 5631
5213 5631
5214 5631
5215 5631
5216 5631
5217 5631
5218 5631
5219 5631
5220 5631
5221 5631
5222 5631
5223 5631
5224 5631
5225 5631
5226 5631
5227 5631
5228 5631
5229 5631
5230 5631
5231 5631
5232 5631
5233 5631
5234 5631
5235 5631
5236 5631
5237 5631
5238 5631
5239 5631
5240 5631
5241 5631
5242 5631
5243 5631
5244 5631
5245 5631
5246 5631
5247 5631
5248 5631
5249 5631
5250 5631
5251 5631
5252 5631
5253 5631
5254 5631
5255 5631
5256 5631
5257 5631
5258 5631
5259 5631
5260 5631
5261 5631
5262 5631
5263 5631
5264 5631
5265 5631
5266 5631
5267 5631
5268 5631
5269 5631
5270 5631
5271 5631
5272 5631
5273 5631
5274 5631
5275 5631
5276 5631
5277 5631
5278 5631
5279 5631
5280 5631
5281 5631
5282 5631
5283 5631
5284 5631
5285 5631
5286 5631
5287 5631
5288 5631
5289 5631
5290 5631
5291 5631
5292 5631
5293 5631
5294 5631
5295 5631
5296 5640
5297 5640
5298 5640
5299 5640
5300 5640
5301 5640
5302 5640
5303 5640
5304 5640
5305 5640
5306 5640
5307 5640
5308 5640
5309 5640
5310 5640
5311 5640
5312 5640
5313 5640
5314 5640
5315 5640
5316 5640
5317 5640
5318 5640
5319 5640
5320 5640
5321 5640
5322 5640
5323 5640
5324 5640
5325 5640
5326 5640
5327 5640
5328 5640
5329 5640
5330 5640
5331 5640
5332 5640
5333 5640
5334 5640
5335 5640
5336 5640
5337 5640
5338 5640
5339 5640
5340 5640
5341 5640
5342 5640
5343 5640
5344 5640
5345 5640
5346 5640
5347 5640
5348 5640
5349 5640
5350 5640
5351 5640
5352 5640
5353 5640
5354 5640
5355 5640
5356 5640
5357 5640
5358 5640
5359 5640
5360 5640
5361 5640
5362 5640
5363 5640
5364 5640
5365 5640
5366 5640
5367 5640
5368 5640
5369 5640
5370 5640
5371 5640
5372 5640
5373 5640
5374 5640
5375 5640
5376 5640
5377 5640
5378 5640
5379 5640
5380 5640
5381 5640
5382 5640
5383 5640
5384 5640
5385 5640
5386 5640
5387 5640
5388 5640
5389 5640
5390 5640
5391 5640
5392 5640
5393 5640
5394 5640
5395 5640
5396 5640
5397 5640
5398 5640
5399 5640
5400 5640
5401 5640
5402 5640
5403 5640
5404 5640
5405 5640
5406 5640
5407 5640
5408 5640
5409 5640
5410 5640
5411 5640
5412 5640
5413 5640
5414 5640
5415 5640
5416 5640
5417 5640
5418 5640
5419 5640
5420 5640
5421 5640
5422 5640
5423 5640
5424 5640
5425 5640
5426 5640
5427 5640
5428 5640
5429 5640
5430 5640
5431 5640
5432 5640
5433 5640
5434 5640
5435 5640
5436 5640
5437 5640
5438 5640
5439 5640
5440 5640
5441 5640
5442 5640
5443 5640
5444 5640
5445 5640
5446 5640
5447 5640
5448 5640
5449 5640
5450 5640
5451 5640
5452 5640
5453 5640
5454 5640
5455 5640
5456 5640
5457 5640
5458 5640
5459 5640
5460 5640
5461 5640
5462 5640
5463 5640
5464 5640
5465 5640
5466 5640
5467 5640
5468 5640
5469 5640
5470 5640
5471 5640
5472 5640
5473 5640
5474 5640
5475 5640
5476 5640
5477 5640
5478 5640
5479 5640
5480 5640
5481 5640
5482 5640
5483 5640
5484 5640
5485 5640
5486 5640
5487 5640
5488 5640
5489 5640
5490 5640
5491 5640
5492 5640
5493 5640
5494 5640
5495 5640
5496 5640
5497 5640
5498 5640
5499 5640
5500 5640
5501 5640
5502 5640
5503 5640
5504 5640
5505 5640
5506 5640
5507 5640
5508 5640
5509 5640
5510 5640
5511 5640
5512 5640
5513 5640
5514 5640
5515 5640
5516 5640
5517 5640
5518 5640
5519 5640
5520 5640
5521 5640
5522 5640
5523 5640
5524 5640
5525 5640
5526 5640
5527 5640
5528 5640
5529 5640
5530 5640
5531 5640
5532 5640
5533 5640
5534 5640
5535 5640
5536 5640
5537 5640
5538 5640
5539 5640
5540 5640
5541 5640
5542 5640
5543 5640
5544 5640
5545 5640
5546 5640
5547 5640
5548 5640
5549 5640
5550 5640
5551 5640
5552 5640
5553 5640
5554 5640
5555 5640
5556 5640
5557 5640
5558 5640
5559 5640
5560 5640
5561 5640
5562 5640
5563 5640
5564 5640
5565 5640
5566 5640
5567 5640
5568 5640
5569 5640
5570 5640
5571 5640
5572 5640
5573 5640
5574 5640
5575 5640
5576 5640
5577 5640
5578 5640
5579 5640
5580 5640
5581 5640
5582 5640
5583 5640
5584 5640
5585 5640
5586 5640
5587 5640
5588 5640
5589 5640
5590 5640
5591 5640
5592 5640
5593 5640
5594 5640
5595 5640
5596 5640
5597 5640
5598 5640
5599 5640
5600 5640
5601 5640
5602 5640
5603 5640
5604 5640
5605 5640
5606 5640
5607 5640
5608 5640
5609 5640
5610 5640
5611 5640
5612 5640
5613 5640
5614 5640
5615 5640
5616 5640
5617 5640
5618 5640
5619 5640
5620 5640
5621 5640
5622 5640
5623 5640
5624 5640
5625 5640
5626 5640
5627 5640
5628 5640
5629 5640
5630 5640
5631 5640
5632 5640
5633 5640
5634 5640
5635 5640
5636 5640
5637 5640
5638 5640
5639 5640
5640 5640
5641 5640
5642 5640
5643 5640
5644 5640
5645 5640
5646 5640
5647 5640
5648 5640
5649 5640
5650 5640
5651 5640
5652 5640
5653 5640
5654 5640
5655 5640
5656 5640
5657 5640
5658 5640
5659 5640
5660 5640
5661 5640
5662 5640
5663 5640
5664 5640
5665 5640
5666 5640
5667 5640
5668 5640
5669 5640
5670 5640
5671 5640
5672 5640
5673 5640
5674 5640
5675 5640
5676 5640
5677 5640
5678 5640
5679 5640
5680 5640
5681 5640
5682 5640
5683 5640
5684 5640
5685 5640
5686 5640
5687 5640
5688 5640
5689 5640
5690 5640
5691 5640
5692 5640
5693 5640
5694 5640
5695 5640
5696 5640
5697 5640
5698 5640
5699 5640
5700 5640
5701 5640
5702 5640
5703 5640
5704 5640
5705 5640
5706 5640
5707 5640
5708 5640
5709 5640
5710 5640
5711 5640
5712 5640
5713 5640
5714 5640
5715 5640
5716 5640
5717 5640
5718 5640
5719 5640
5720 5640
5721 5640
5722 5640
5723 5640
5724 5640
5725 5640
5726 5640
5727 5640
5728 5640
5729 5640
5730 5640
5731 5640
5732 5640
5733 5640
5734 5640
5735 5640
5736 5640
5737 5640
5738 5640
5739 5640
5740 5640
5741 5640
5742 5640
5743 5640
5744 5640
5745 5640
5746 5640
5747 5640
5748 5640
5749 5640
5750 5640
5751 5640
5752 5640
5753 5640
5754 5640
5755 5640
5756 5640
5757 5640
5758 5640
5759 5640
5760 5640
5761 5640
5762 5640
5763 5640
5764 5640
5765 5640
5766 5640
5767 5640
5768 5640
5769 5640
5770 5640
5771 5640
5772 5640
5773 5640
5774 5640
5775 5640
5776 5640
5777 5640
5778 5640
5779 5640
5780 5640
5781 5640
5782 5640
5783 5640
5784 5640
5785 5640
5786 5640
5787 5640
5788 5640
5789 5640
5790 5640
5791 5640
5792 5640
5793 5640
5794 5640
5795 5640
5796 5640
5797 5640
5798 5640
5799 5640
5800 5640
5801 5640
5802 5640
5803 5640
5804 5640
5805 5640
5806 5640
5807 5640
5808 5640
5809 5640
5810 5640
5811 5640
5812 5640
5813 5640
5814 5640
5815 5640
5816 5640
5817 5640
5818 5640
5819 5640
5820 5640
5821 5640
5822 5640
5823 5640
5824 5640
5825 5640
5826 5640
5827 5640
5828 5640
5829 5640
5830 5640
5831 5640
5832 5640
5833 5640
5834 5640
5835 5640
5836 5640
5837 5640
5838 5640
5839 5640
5840 5640
5841 5640
5842 5640
5843 5640
5844 5640
5845 5640
5846 5640
5847 5640
5848 5640
5849 5640
5850 5640
5851 5640
5852 5640
5853 5640
5854 5640
5855 5640
5856 5640
5857 5640
5858 5640
5859 5640
5860 5640
5861 5640
5862 5640
5863 5640
5864 5640
5865 5640
5866 5640
5867 5640
5868 5640
5869 5640
5870 5640
5871 5640
5872 5640
5873 5640
5874 5640
5875 5640
5876 5640
5877 5640
5878 5640
5879 5640
5880 5640
5881 5640
5882 5640
5883 5640
5884 5640
5885 5640
5886 5640
5887 5640
5888 5640
5889 5640
5890 5640
5891 5640
5892 5640
5893 5640
5894 5640
5895 5640
5896 5640
5897 5640
5898 5640
5899 5640
5900 5640
5901 5640
5902 5640
5903 5640
5904 5640
5905 5640
5906 5640
5907 5640
5908 5640
5909 5640
5910 5640
5911 5640
5912 5640
5913 5640
5914 5640
5915 5640
5916 5640
5917 5640
5918 5640
5919 5640
5920 5640
5921 5640
5922 5640
5923 5640
5924 5640
5925 5640
5926 5640
5927 5640
5928 5640
5929 5640
5930 5640
5931 5640
5932 5640
5933 5640
5934 5640
5935 5640
5936 5640
5937 5640
5938 5640
5939 5640
5940 5640
5941 5640
5942 5640
5943 5640
5944 5640
5945 5640
5946 5640
5947 5640
5948 5640
5949 5640
5950 5640
5951 5640
5952 5640
5953 5640
5954 5640
5955 5640
5956 5640
5957 5640
5958 5640
5959 5640
5960 5640
5961 5640
5962 5640
5963 5640
5964 5640
5965 5640
5966 5640
5967 5640
5968 5640
5969 5640
5970 5640
5971 5640
5972 5640
5973 5640
5974 5640
5975 5640
5976 5640
5977 5640
5978 5640
5979 5640
5980 5640
5981 5640
5982 5640
5983 5640
5984 5640
5985 5640
5986 5640
5987 5640
5988 5640
5989 5640
5990 5640
5991 5640
5992 5640
5993 5640
5994 5640
5995 5640
5996 5640
5997 5640
5998 5640
5999 5640
6000 5640
6001 5640
6002 5640
6003 5640
6004 5640
6005 5640
6006 5640
6007 5640
6008 5640
6009 5640
6010 5640
6011 5640
6012 5640
6013 5640
6014 5640
6015 5640
6016 5640
6017 5640
6018 5640
6019 5640
6020 5640
6021 5640
6022 5640
6023 5640
6024 5640
6025 5640
6026 5640
6027 5640
6028 5640
6029 5640
6030 5640
6031 5640
6032 5640
6033 5640
6034 5640
6035 5640
6036 5640
6037 5640
6038 5640
6039 5640
6040 5640
6041 5640
6042 5640
6043 5640
6044 5640
6045 5640
6046 5640
6047 5640
6048 5640
6049 5640
6050 5640
6051 5640
6052 5640
6053 5640
6054 5640
6055 5640
6056 5640
6057 5640
6058 5640
6059 5640
6060 5640
6061 5640
6062 5640
6063 5640
6064 5640
6065 5640
6066 5640
6067 5640
6068 5640
6069 5640
6070 5640
6071 5640
6072 5640
6073 5640
6074 5640
6075 5640
6076 5640
6077 5640
6078 5640
6079 5640
6080 5640
6081 5640
6082 5640
6083 5640
6084 5640
6085 5640
6086 5640
6087 5640
6088 5640
6089 5640
6090 5640
6091 5640
6092 5640
6093 5640
6094 5640
6095 5640
6096 5640
6097 5640
6098 5640
6099 5640
6100 5640
6101 5640
6102 5640
6103 5640
6104 5640
6105 5640
6106 5640
6107 5640
6108 5640
6109 5640
6110 5640
6111 5640
6112 5640
6113 5640
6114 5640
6115 5640
6116 5640
6117 5640
6118 5640
6119 5640
6120 5640
6121 5640
6122 5640
6123 5640
6124 5640
6125 5640
6126 5640
6127 5640
6128 5640
6129 5640
6130 5640
6131 5640
6132 5640
6133 5640
6134 5640
6135 5640
6136 5640
6137 5640
6138 5640
6139 5640
6140 5640
6141 5640
6142 5640
6143 5640
6144 5640
6145 5640
6146 5640
6147 5640
6148 5640
6149 5640
6150 5640
6151 5640
6152 5640
6153 5640
6154 5640
6155 5640
6156 5640
6157 5640
6158 5640
6159 5640
6160 5640
6161 5640
6162 5640
6163 5640
6164 5640
6165 5640
6166 5640
6167 5640
6168 5640
6169 5640
6170 5640
6171 5640
6172 5640
6173 5640
6174 5640
6175 5640
6176 5640
6177 5640
6178 5640
6179 5640
6180 5640
6181 5640
6182 5640
6183 5640
6184 5640
6185 5640
6186 5640
6187 5640
6188 5640
6189 5640
6190 5640
6191 5640
6192 5640
6193 5640
6194 5640
6195 5640
6196 5640
6197 5640
6198 5640
6199 5640
6200 5640
6201 5640
6202 5640
6203 5640
6204 5640
6205 5640
6206 5640
6207 5640
6208 5640
6209 5640
6210 5640
6211 5640
6212 5640
6213 5640
6214 5640
6215 5640
6216 5640
6217 5640
6218 5640
6219 5640
6220 5640
6221 5640
6222 5640
6223 5640
6224 5640
6225 5640
6226 5640
6227 5640
6228 5640
6229 5640
6230 5640
6231 5640
6232 5640
6233 5640
6234 5640
6235 5640
6236 5640
6237 5640
6238 5640
6239 5640
6240 5640
6241 5640
6242 5640
6243 5640
6244 5640
6245 5640
6246 5640
6247 5640
6248 5640
6249 5640
6250 5640
6251 5640
6252 5640
6253 5640
6254 5640
6255 5640
6256 5640
6257 5640
6258 5640
6259 5640
6260 5640
6261 5640
6262 5640
6263 5640
6264 5640
6265 5640
6266 5640
6267 5640
6268 5640
6269 5640
6270 5640
6271 5640
6272 5640
6273 5640
6274 5640
6275 5640
6276 5640
6277 5640
6278 5640
6279 5640
6280 5640
6281 5640
6282 5640
6283 5640
6284 5640
6285 5640
6286 5640
6287 5640
6288 5640
6289 5640
6290 5640
6291 5640
6292 5640
6293 5640
6294 5640
6295 5640
6296 5640
6297 5640
6298 5640
6299 5640
6300 5640
6301 5640
6302 5640
6303 5640
6304 5640
6305 5640
6306 5640
6307 5640
6308 5640
6309 5640
6310 5640
6311 5640
6312 5640
6313 5640
6314 5640
6315 5640
6316 5640
6317 5640
6318 5640
6319 5640
6320 5640
6321 5640
6322 5640
6323 5640
6324 5640
6325 5640
6326 5640
6327 5640
6328 5640
6329 5640
6330 5640
6331 5640
6332 5640
6333 5640
6334 5640
6335 5640
6336 5640
6337 5640
6338 5640
6339 5640
6340 5640
6341 5640
6342 5640
6343 5640
6344 5640
6345 5640
6346 5640
6347 5640
6348 5640
6349 5640
6350 5640
6351 5640
6352 5640
6353 5640
6354 5640
6355 5640
6356 5640
6357 5640
6358 5640
6359 5640
6360 5640
6361 5640
6362 5640
6363 5640
6364 5640
6365 5640
6366 5640
6367 5640
6368 5640
6369 5640
6370 5640
6371 5640
6372 5640
6373 5640
6374 5640
6375 5640
6376 5640
6377 5640
6378 5640
6379 5640
6380 5640
6381 5640
6382 5640
6383 5640
6384 5640
6385 5640
6386 5640
6387 5640
6388 5640
6389 5640
6390 5640
6391 5640
6392 5640
6393 5640
6394 5640
6395 5640
6396 5640
6397 5640
6398 5640
6399 5640
6400 5640
6401 5640
6402 5640
6403 5640
6404 5640
6405 5640
6406 5640
6407 5640
6408 5640
6409 5640
6410 5640
6411 5640
6412 5640
6413 5640
6414 5640
6415 5640
6416 5640
6417 5640
6418 5640
6419 5640
6420 5640
6421 5640
6422 5640
6423 5640
6424 5640
6425 5640
6426 5640
6427 5640
6428 5640
6429 5640
6430 5640
6431 5640
6432 5640
6433 5640
6434 5640
6435 5640
6436 5640
6437 5640
6438 5640
6439 5640
6440 5640
6441 5640
6442 5640
6443 5640
6444 5640
6445 5640
6446 5640
6447 5640
6448 5640
6449 5640
6450 5640
6451 5640
6452 5640
6453 5640
6454 5640
6455 5640
6456 5640
6457 5640
6458 5640
6459 5640
6460 5640
6461 5640
6462 5640
6463 5640
6464 5640
6465 5640
6466 5640
6467 5640
6468 5640
6469 5640
6470 5640
6471 5640
6472 5640
6473 5640
6474 5640
6475 5640
6476 5640
6477 5640
6478 5640
6479 5640
6480 5640
6481 5640
6482 5640
6483 5640
6484 5640
6485 5640
6486 5640
6487 5640
6488 5640
6489 5640
6490 5640
6491 5640
6492 5640
6493 5640
6494 5640
6495 5640
6496 5640
6497 5640
6498 5640
6499 5640
6500 5640
6501 5640
6502 5640
6503 5640
6504 5640
6505 5640
6506 5640
6507 5640
6508 5640
6509 5640
6510 5640
6511 5640
6512 5640
6513 5640
6514 5640
6515 5640
6516 5640
6517 5640
6518 5640
6519 5640
6520 5640
6521 5640
6522 5640
6523 5640
6524 5640
6525 5640
6526 5640
6527 5640
6528 5640
6529 5640
6530 5640
6531 5640
6532 5640
6533 5640
6534 5640
6535 5640
6536 5640
6537 5640
6538 5640
6539 5640
6540 5640
6541 5640
6542 5640
6543 5640
6544 5640
6545 5640
6546 5640
6547 5640
6548 5640
6549 5640
6550 5640
6551 5640
6552 5640
6553 5640
6554 5640
6555 5640
6556 5640
6557 5640
6558 5640
6559 5640
6560 5640
6561 5640
6562 5640
6563 5640
6564 5640
6565 5640
6566 5640
6567 5640
6568 5640
6569 5640
6570 5640
6571 5640
6572 5640
6573 5640
6574 5640
6575 5640
6576 5640
6577 5640
6578 5640
6579 5640
6580 5640
6581 5640
6582 5640
6583 5640
6584 5640
6585 5640
6586 5640
6587 5640
6588 5640
6589 5640
6590 5640
6591 5640
6592 5640
6593 5640
6594 5640
6595 5640
6596 5640
6597 5640
6598 5640
6599 5640
6600 5640
6601 5640
6602 5640
6603 5640
6604 5640
6605 5640
6606 5640
6607 5640
6608 5640
6609 5640
6610 5640
6611 5640
6612 5640
6613 5640
6614 5640
6615 5640
6616 5640
6617 5640
6618 5640
6619 5640
6620 5640
6621 5640
6622 5640
6623 5640
6624 5640
6625 5640
6626 5640
6627 5640
6628 5640
6629 5640
6630 5640
6631 5640
6632 5640
6633 5640
6634 5640
6635 5640
6636 5640
6637 5640
6638 5640
6639 5640
6640 5640
6641 5640
6642 5640
6643 5640
6644 5640
6645 5640
6646 5640
6647 5640
6648 5640
6649 5640
6650 5640
6651 5640
6652 5640
6653 5640
6654 5640
6655 5640
6656 5640
6657 5640
6658 5640
6659 5640
6660 5640
6661 5640
6662 5640
6663 5640
6664 5640
6665 5640
6666 5640
6667 5640
6668 5640
6669 5640
6670 5640
6671 5640
6672 5640
6673 5640
6674 5640
6675 5640
6676 5650
6677 5650
6678 5650
6679 5650
6680 5650
6681 5650
6682 5650
6683 5650
6684 5650
6685 5650
6686 5650
6687 5650
6688 5650
6689 5650
6690 5650
6691 5650
6692 5650
6693 5650
6694 5650
6695 5650
6696 5650
6697 5650
6698 5650
6699 5650
6700 5650
6701 5650
6702 5650
6703 5650
6704 5650
6705 5650
6706 5650
6707 5650
6708 5650
6709 5650
6710 5650
6711 5650
6712 5650
6713 5650
6714 5650
6715 5650
6716 5657
6717 5657
6718 5657
6719 5657
6720 5657
6721 5657
6722 5657
6723 5657
6724 5657
6725 5657
6726 5657
6727 5657
6728 5657
6729 5657
6730 5657
6731 5657
6732 5657
6733 5657
6734 5657
6735 5657
6736 5657
6737 5657
6738 5657
6739 5657
6740 5657
6741 5657
6742 5657
6743 5657
6744 5657
6745 5657
6746 5657
6747 5657
6748 5657
6749 5657
6750 5657
6751 5657
6752 5657
6753 5657
6754 5657
6755 5657
6756 5657
6757 5657
6758 5657
6759 5657
6760 5657
6761 5657
6762 5657
6763 5657
6764 5657
6765 5657
6766 5657
6767 5657
6768 5657
6769 5657
6770 5657
6771 5657
6772 5657
6773 5657
6774 5657
6775 5657
6776 5657
6777 5657
6778 5657
6779 5657
6780 5657
6781 5657
6782 5657
6783 5657
6784 5657
6785 5657
6786 5657
6787 5657
6788 5657
6789 5657
6790 5657
6791 5657
6792 5657
6793 5657
6794 5657
6795 5657
6796 5657
6797 5657
6798 5657
6799 5657
6800 5657
6801 5657
6802 5657
6803 5657
6804 5657
6805 5657
6806 5657
6807 5657
6808 5657
6809 5657
6810 5657
6811 5657
6812 5657
6813 5657
6814 5657
6815 5657
6816 5657
6817 5657
6818 5657
6819 5657
6820 5657
6821 5657
6822 5657
6823 5657
6824 5657
6825 5657
6826 5657
6827 5657
6828 5657
6829 5657
6830 5657
6831 5657
6832 5657
6833 5657
6834 5657
6835 5657
6836 5657
6837 5657
6838 5657
6839 5657
6840 5657
6841 5657
6842 5657
6843 5657
6844 5657
6845 5657
6846 5657
6847 5657
6848 5657
6849 5657
6850 5657
6851 5657
6852 5657
6853 5657
6854 5657
6855 5657
6856 5657
6857 5657
6858 5657
6859 5657
6860 5657
6861 5657
6862 5657
6863 5657
6864 5657
6865 5657
6866 5657
6867 5657
6868 5657
6869 5657
6870 5657
6871 5657
6872 5657
6873 5657
6874 5657
6875 5657
6876 5657
6877 5657
6878 5657
6879 5657
6880 5657
6881 5657
6882 5657
6883 5657
6884 5657
6885 5657
6886 5657
6887 5657
6888 5657
6889 5657
6890 5657
6891 5657
6892 5657
6893 5657
6894 5657
6895 5657
6896 5657
6897 5657
6898 5657
6899 5657
6900 5657
6901 5657
6902 5657
6903 5657
6904 5657
6905 5657
6906 5657
6907 5657
6908 5657
6909 5657
6910 5657
6911 5657
6912 5657
6913 5657
6914 5657
6915 5657
6916 5669
6917 5669
6918 5669
6919 5669
6920 5669
6921 5669
6922 5669
6923 5669
6924 5669
6925 5669
6926 5669
6927 5669
6928 5669
6929 5669
6930 5669
6931 5669
6932 5669
6933 5669
6934 5669
6935 5669
6936 5669
6937 5669
6938 5669
6939 5669
6940 5669
6941 5669
6942 5669
6943 5669
6944 5669
6945 5669
6946 5669
6947 5669
6948 5669
6949 5669
6950 5669
6951 5669
6952 5669
6953 5669
6954 5669
6955 5669
6956 5669
6957 5669
6958 5669
6959 5669
6960 5669
6961 5669
6962 5669
6963 5669
6964 5669
6965 5669
6966 5669
6967 5669
6968 5669
6969 5669
6970 5669
6971 5669
6972 5669
6973 5669
6974 5669
6975 5669
6976 5669
6977 5669
6978 5669
6979 5669
6980 5669
6981 5669
6982 5669
6983 5669
6984 5669
6985 5669
6986 5669
6987 5669
6988 5669
6989 5669
6990 5669
6991 5669
6992 5669
6993 5669
6994 5669
6995 5669
6996 5669
6997 5669
6998 5669
6999 5669
7000 5669
7001 5669
7002 5669
7003 5669
7004 5669
7005 5669
7006 5669
7007 5669
7008 5669
7009 5669
7010 5669
7011 5669
7012 5669
7013 5669
7014 5669
7015 5669
7016 5669
7017 5669
7018 5669
7019 5669
7020 5669
7021 5669
7022 5669
7023 5669
7024 5669
7025 5669
7026 5669
7027 5669
7028 5669
7029 5669
7030 5669
7031 5669
7032 5669
7033 5669
7034 5669
7035 5669
7036 5669
7037 5669
7038 5669
7039 5669
7040 5669
7041 5669
7042 5669
7043 5669
7044 5669
7045 5669
7046 5669
7047 5669
7048 5669
7049 5669
7050 5669
7051 5669
7052 5669
7053 5669
7054 5669
7055 5669
7056 5669
7057 5669
7058 5669
7059 5669
7060 5669
7061 5669
7062 5669
7063 5669
7064 5669
7065 5669
7066 5669
7067 5669
7068 5669
7069 5669
7070 5669
7071 5669
7072 5669
7073 5669
7074 5669
7075 5669
7076 5669
7077 5669
7078 5669
7079 5669
7080 5669
7081 5669
7082 5669
7083 5669
7084 5669
7085 5669
7086 5669
7087 5669
7088 5669
7089 5669
7090 5669
7091 5669
7092 5669
7093 5669
7094 5669
7095 5669
7096 5669
7097 5669
7098 5669
7099 5669
7100 5669
7101 5669
7102 5669
7103 5669
7104 5669
7105 5669
7106 5669
7107 5669
7108 5669
7109 5669
7110 5669
7111 5669
7112 5669
7113 5669
7114 5669
7115 5669
7116 5669
7117 5669
7118 5669
7119 5669
7120 5669
7121 5669
7122 5669
7123 5669
7124 5669
7125 5669
7126 5669
7127 5669
7128 5669
7129 5669
7130 5669
7131 5669
7132 5669
7133 5669
7134 5669
7135 5669
7136 5669
7137 5669
7138 5669
7139 5669
7140 5669
7141 5669
7142 5669
7143 5669
7144 5669
7145 5669
7146 5669
7147 5669
7148 5669
7149 5669
7150 5669
7151 5669
7152 5669
7153 5669
7154 5669
7155 5669
7156 5669
7157 5669
7158 5669
7159 5669
7160 5669
7161 5669
7162 5669
7163 5669
7164 5669
7165 5669
7166 5669
7167 5669
7168 5669
7169 5669
7170 5669
7171 5669
7172 5669
7173 5669
7174 5669
7175 5669
7176 5669
7177 5669
7178 5669
7179 5669
7180 5669
7181 5669
7182 5669
7183 5669
7184 5669
7185 5669
7186 5669
7187 5669
7188 5669
7189 5669
7190 5669
7191 5669
7192 5669
7193 5669
7194 5669
7195 5669
7196 5669
7197 5669
7198 5669
7199 5669
7200 5669
7201 5669
7202 5669
7203 5669
7204 5669
7205 5669
7206 5669
7207 5669
7208 5669
7209 5669
7210 5669
7211 5669
7212 5669
7213 5669
7214 5669
7215 5669
7216 5669
7217 5669
7218 5669
7219 5669
7220 5669
7221 5669
7222 5669
7223 5669
7224 5669
7225 5669
7226 5669
7227 5669
7228 5669
7229 5669
7230 5669
7231 5669
7232 5669
7233 5669
7234 5669
7235 5669
7236 5669
7237 5669
7238 5669
7239 5669
7240 5669
7241 5669
7242 5669
7243 5669
7244 5669
7245 5669
7246 5669
7247 5669
7248 5669
7249 5669
7250 5669
7251 5669
7252 5669
7253 5669
7254 5669
7255 5669
7256 5669
7257 5669
7258 5669
7259 5669
7260 5669
7261 5669
7262 5669
7263 5669
7264 5669
7265 5669
7266 5669
7267 5669
7268 5669
7269 5669
7270 5669
7271 5669
7272 5669
7273 5669
7274 5669
7275 5669
7276 5669
7277 5669
7278 5669
7279 5669
7280 5669
7281 5669
7282 5669
7283 5669
7284 5669
7285 5669
7286 5669
7287 5669
7288 5669
7289 5669
7290 5669
7291 5669
7292 5669
7293 5669
7294 5669
7295 5669
7296 5669
7297 5669
7298 5669
7299 5669
7300 5669
7301 5669
7302 5669
7303 5669
7304 5669
7305 5669
7306 5669
7307 5669
7308 5669
7309 5669
7310 5669
7311 5669
7312 5669
7313 5669
7314 5669
7315 5669
7316 5669
7317 5669
7318 5669
7319 5669
7320 5669
7321 5669
7322 5669
7323 5669
7324 5669
7325 5669
7326 5669
7327 5669
7328 5669
7329 5669
7330 5669
7331 5669
7332 5669
7333 5669
7334 5669
7335 5669
7336 5669
7337 5669
7338 5669
7339 5669
7340 5669
7341 5669
7342 5669
7343 5669
7344 5669
7345 5669
7346 5669
7347 5669
7348 5669
7349 5669
7350 5669
7351 5669
7352 5669
7353 5669
7354 5669
7355 5669
7356 5669
7357 5669
7358 5669
7359 5669
7360 5669
7361 5669
7362 5669
7363 5669
7364 5669
7365 5669
7366 5669
7367 5669
7368 5669
7369 5669
7370 5669
7371 5669
7372 5669
7373 5669
7374 5669
7375 5669
7376 5679
7377 5679
7378 5679
7379 5679
7380 5679
7381 5679
7382 5679
7383 5679
7384 5679
7385 5679
7386 5679
7387 5679
7388 5679
7389 5679
7390 5679
7391 5679
7392 5679
7393 5679
7394 5679
7395 5679
7396 5679
7397 5679
7398 5679
7399 5679
7400 5679
7401 5679
7402 5679
7403 5679
7404 5679
7405 5679
7406 5679
7407 5679
7408 5679
7409 5679
7410 5679
7411 5679
7412 5679
7413 5679
7414 5679
7415 5679
7416 5679
7417 5679
7418 5679
7419 5679
7420 5679
7421 5679
7422 5679
7423 5679
7424 5679
7425 5679
7426 5679
7427 5679
7428 5679
7429 5679
7430 5679
7431 5679
7432 5679
7433 5679
7434 5679
7435 5679
7436 5679
7437 5679
7438 5679
7439 5679
7440 5679
7441 5679
7442 5679
7443 5679
7444 5679
7445 5679
7446 5679
7447 5679
7448 5679
7449 5679
7450 5679
7451 5679
7452 5679
7453 5679
7454 5679
7455 5679
7456 5679
7457 5679
7458 5679
7459 5679
7460 5679
7461 5679
7462 5679
7463 5679
7464 5679
7465 5679
7466 5679
7467 5679
7468 5679
7469 5679
7470 5679
7471 5679
7472 5679
7473 5679
7474 5679
7475 5679
7476 5679
7477 5679
7478 5679
7479 5679
7480 5679
7481 5679
7482 5679
7483 5679
7484 5679
7485 5679
7486 5679
7487 5679
7488 5679
7489 5679
7490 5679
7491 5679
7492 5679
7493 5679
7494 5679
7495 5679
7496 5679
7497 5679
7498 5679
7499 5679
7500 5679
7501 5679
7502 5679
7503 5679
7504 5679
7505 5679
7506 5679
7507 5679
7508 5679
7509 5679
7510 5679
7511 5679
7512 5679
7513 5679
7514 5679
7515 5679
7516 5679
7517 5679
7518 5679
7519 5679
7520 5679
7521 5679
7522 5679
7523 5679
7524 5679
7525 5679
7526 5679
7527 5679
7528 5679
7529 5679
7530 5679
7531 5679
7532 5679
7533 5679
7534 5679
7535 5679
7536 5679
7537 5679
7538 5679
7539 5679
7540 5679
7541 5679
7542 5679
7543 5679
7544 5679
7545 5679
7546 5679
7547 5679
7548 5679
7549 5679
7550 5679
7551 5679
7552 5679
7553 5679
7554 5679
7555 5679
7556 5679
7557 5679
7558 5679
7559 5679
7560 5679
7561 5679
7562 5679
7563 5679
7564 5679
7565 5679
7566 5679
7567 5679
7568 5679
7569 5679
7570 5679
7571 5679
7572 5679
7573 5679
7574 5679
7575 5679
7576 5679
7577 5679
7578 5679
7579 5679
7580 5679
7581 5679
7582 5679
7583 5679
7584 5679
7585 5679
7586 5679
7587 5679
7588 5679
7589 5679
7590 5679
7591 5679
7592 5679
7593 5679
7594 5679
7595 5679
7596 5679
7597 5679
7598 5679
7599 5679
7600 5679
7601 5679
7602 5679
7603 5679
7604 5679
7605 5679
7606 5679
7607 5679
7608 5679
7609 5679
7610 5679
7611 5679
7612 5679
7613 5679
7614 5679
7615 5679
7616 5679
7617 5679
7618 5679
7619 5679
7620 5679
7621 5679
7622 5679
7623 5679
7624 5679
7625 5679
7626 5679
7627 5679
7628 5679
7629 5679
7630 5679
7631 5679
7632 5679
7633 5679
7634 5679
7635 5679
7636 5679
7637 5679
7638 5679
7639 5679
7640 5679
7641 5679
7642 5679
7643 5679
7644 5679
7645 5679
7646 5679
7647 5679
7648 5679
7649 5679
7650 5679
7651 5679
7652 5679
7653 5679
7654 5679
7655 5679
7656 5679
7657 5679
7658 5679
7659 5679
7660 5679
7661 5679
7662 5679
7663 5679
7664 5679
7665 5679
7666 5679
7667 5679
7668 5679
7669 5679
7670 5679
7671 5679
7672 5679
7673 5679
7674 5679
7675 5679
7676 5679
7677 5679
7678 5679
7679 5679
7680 5679
7681 5679
7682 5679
7683 5679
7684 5679
7685 5679
7686 5679
7687 5679
7688 5679
7689 5679
7690 5679
7691 5679
7692 5679
7693 5679
7694 5679
7695 5679
7696 5679
7697 5679
7698 5679
7699 5679
7700 5679
7701 5679
7702 5679
7703 5679
7704 5679
7705 5679
7706 5679
7707 5679
7708 5679
7709 5679
7710 5679
7711 5679
7712 5679
7713 5679
7714 5679
7715 5679
7716 5679
7717 5679
7718 5679
7719 5679
7720 5679
7721 5679
7722 5679
7723 5679
7724 5679
7725 5679
7726 5679
7727 5679
7728 5679
7729 5679
7730 5679
7731 5679
7732 5679
7733 5679
7734 5679
7735 5679
7736 5679
7737 5679
7738 5679
7739 5679
7740 5679
7741 5679
7742 5679
7743 5679
7744 5679
7745 5679
7746 5679
7747 5679
7748 5679
7749 5679
7750 5679
7751 5679
7752 5679
7753 5679
7754 5679
7755 5679
7756 5679
7757 5679
7758 5679
7759 5679
7760 5679
7761 5679
7762 5679
7763 5679
7764 5679
7765 5679
7766 5679
7767 5679
7768 5679
7769 5679
7770 5679
7771 5679
7772 5679
7773 5679
7774 5679
7775 5679
7776 5679
7777 5679
7778 5679
7779 5679
7780 5679
7781 5679
7782 5679
7783 5679
7784 5679
7785 5679
7786 5679
7787 5679
7788 5679
7789 5679
7790 5679
7791 5679
7792 5679
7793 5679
7794 5679
7795 5679
7796 5685
7797 5685
7798 5685
7799 5685
7800 5685
7801 5685
7802 5685
7803 5685
7804 5685
7805 5685
7806 5685
7807 5685
7808 5685
7809 5685
7810 5685
7811 5685
7812 5685
7813 5685
7814 5685
7815 5685
7816 5685
7817 5685
7818 5685
7819 5685
7820 5685
7821 5685
7822 5685
7823 5685
7824 5685
7825 5685
7826 5685
7827 5685
7828 5685
7829 5685
7830 5685
7831 5685
7832 5685
7833 5685
7834 5685
7835 5685
7836 5685
7837 5685
7838 5685
7839 5685
7840 5685
7841 5685
7842 5685
7843 5685
7844 5685
7845 5685
7846 5685
7847 5685
7848 5685
7849 5685
7850 5685
7851 5685
7852 5685
7853 5685
7854 5685
7855 5685
7856 5685
7857 5685
7858 5685
7859 5685
7860 5685
7861 5685
7862 5685
7863 5685
7864 5685
7865 5685
7866 5685
7867 5685
7868 5685
7869 5685
7870 5685
7871 5685
7872 5685
7873 5685
7874 5685
7875 5685
7876 5685
7877 5685
7878 5685
7879 5685
7880 5685
7881 5685
7882 5685
7883 5685
7884 5685
7885 5685
7886 5685
7887 5685
7888 5685
7889 5685
7890 5685
7891 5685
7892 5685
7893 5685
7894 5685
7895 5685
7896 5685
7897 5685
7898 5685
7899 5685
7900 5685
7901 5685
7902 5685
7903 5685
7904 5685
7905 5685
7906 5685
7907 5685
7908 5685
7909 5685
7910 5685
7911 5685
7912 5685
7913 5685
7914 5685
7915 5685
7916 5685
7917 5685
7918 5685
7919 5685
7920 5685
7921 5685
7922 5685
7923 5685
7924 5685
7925 5685
7926 5685
7927 5685
7928 5685
7929 5685
7930 5685
7931 5685
7932 5685
7933 5685
7934 5685
7935 5685
7936 5685
7937 5685
7938 5685
7939 5685
7940 5685
7941 5685
7942 5685
7943 5685
7944 5685
7945 5685
7946 5685
7947 5685
7948 5685
7949 5685
7950 5685
7951 5685
7952 5685
7953 5685
7954 5685
7955 5685
7956 5685
7957 5685
7958 5685
7959 5685
7960 5685
7961 5685
7962 5685
7963 5685
7964 5685
7965 5685
7966 5685
7967 5685
7968 5685
7969 5685
7970 5685
7971 5685
7972 5685
7973 5685
7974 5685
7975 5685
7976 5685
7977 5685
7978 5685
7979 5685
7980 5685
7981 5685
7982 5685
7983 5685
7984 5685
7985 5685
7986 5685
7987 5685
7988 5685
7989 5685
7990 5685
7991 5685
7992 5685
7993 5685
7994 5685
7995 5685
7996 5685
7997 5685
7998 5685
7999 5685
8000 5685
8001 5685
8002 5685
8003 5685
8004 5685
8005 5685
8006 5685
8007 5685
8008 5685
8009 5685
8010 5685
8011 5685
8012 5685
8013 5685
8014 5685
8015 5685
8016 5685
8017 5685
8018 5685
8019 5685
8020 5685
8021 5685
8022 5685
8023 5685
8024 5685
8025 5685
8026 5685
8027 5685
8028 5685
8029 5685
8030 5685
8031 5685
8032 5685
8033 5685
8034 5685
8035 5685
8036 5685
8037 5685
8038 5685
8039 5685
8040 5685
8041 5685
8042 5685
8043 5685
8044 5685
8045 5685
8046 5685
8047 5685
8048 5685
8049 5685
8050 5685
8051 5685
8052 5685
8053 5685
8054 5685
8055 5685
8056 5685
8057 5685
8058 5685
8059 5685
8060 5685
8061 5685
8062 5685
8063 5685
8064 5685
8065 5685
8066 5685
8067 5685
8068 5685
8069 5685
8070 5685
8071 5685
8072 5685
8073 5685
8074 5685
8075 5685
8076 5685
8077 5685
8078 5685
8079 5685
8080 5685
8081 5685
8082 5685
8083 5685
8084 5685
8085 5685
8086 5685
8087 5685
8088 5685
8089 5685
8090 5685
8091 5685
8092 5685
8093 5685
8094 5685
8095 5685
8096 5685
8097 5685
8098 5685
8099 5685
8100 5685
8101 5685
8102 5685
8103 5685
8104 5685
8105 5685
8106 5685
8107 5685
8108 5685
8109 5685
8110 5685
8111 5685
8112 5685
8113 5685
8114 5685
8115 5685
8116 5685
8117 5685
8118 5685
8119 5685
8120 5685
8121 5685
8122 5685
8123 5685
8124 5685
8125 5685
8126 5685
8127 5685
8128 5685
8129 5685
8130 5685
8131 5685
8132 5685
8133 5685
8134 5685
8135 5685
8136 5685
8137 5685
8138 5685
8139 5685
8140 5685
8141 5685
8142 5685
8143 5685
8144 5685
8145 5685
8146 5685
8147 5685
8148 5685
8149 5685
8150 5685
8151 5685
8152 5685
8153 5685
8154 5685
8155 5685
8156 5685
8157 5685
8158 5685
8159 5685
8160 5685
8161 5685
8162 5685
8163 5685
8164 5685
8165 5685
8166 5685
8167 5685
8168 5685
8169 5685
8170 5685
8171 5685
8172 5685
8173 5685
8174 5685
8175 5685
8176 5685
8177 5685
8178 5685
8179 5685
8180 5685
8181 5685
8182 5685
8183 5685
8184 5685
8185 5685
8186 5685
8187 5685
8188 5685
8189 5685
8190 5685
8191 5685
8192 5685
8193 5685
8194 5685
8195 5685
8196 5685
8197 5685
8198 5685
8199 5685
8200 5685
8201 5685
8202 5685
8203 5685
8204 5685
8205 5685
8206 5685
8207 5685
8208 5685
8209 5685
8210 5685
8211 5685
8212 5685
8213 5685
8214 5685
8215 5685
8216 5685
8217 5685
8218 5685
8219 5685
8220 5685
8221 5685
8222 5685
8223 5685
8224 5685
8225 5685
8226 5685
8227 5685
8228 5685
8229 5685
8230 5685
8231 5685
8232 5685
8233 5685
8234 5685
8235 5685
8236 5685
8237 5685
8238 5685
8239 5685
8240 5685
8241 5685
8242 5685
8243 5685
8244 5685
8245 5685
8246 5685
8247 5685
8248 5685
8249 5685
8250 5685
8251 5685
8252 5685
8253 5685
8254 5685
8255 5685
8256 5685
8257 5685
8258 5685
8259 5685
8260 5685
8261 5685
8262 5685
8263 5685
8264 5685
8265 5685
8266 5685
8267 5685
8268 5685
8269 5685
8270 5685
8271 5685
8272 5685
8273 5685
8274 5685
8275 5685
8276 5685
8277 5685
8278 5685
8279 5685
8280 5685
8281 5685
8282 5685
8283 5685
8284 5685
8285 5685
8286 5685
8287 5685
8288 5685
8289 5685
8290 5685
8291 5685
8292 5685
8293 5685
8294 5685
8295 5685
8296 5685
8297 5685
8298 5685
8299 5685
8300 5685
8301 5685
8302 5685
8303 5685
8304 5685
8305 5685
8306 5685
8307 5685
8308 5685
8309 5685
8310 5685
8311 5685
8312 5685
8313 5685
8314 5685
8315 5685
8316 5685
8317 5685
8318 5685
8319 5685
8320 5685
8321 5685
8322 5685
8323 5685
8324 5685
8325 5685
8326 5685
8327 5685
8328 5685
8329 5685
8330 5685
8331 5685
8332 5685
8333 5685
8334 5685
8335 5685
8336 5685
8337 5685
8338 5685
8339 5685
8340 5685
8341 5685
8342 5685
8343 5685
8344 5685
8345 5685
8346 5685
8347 5685
8348 5685
8349 5685
8350 5685
8351 5685
8352 5685
8353 5685
8354 5685
8355 5685
8356 5685
8357 5685
8358 5685
8359 5685
8360 5685
8361 5685
8362 5685
8363 5685
8364 5685
8365 5685
8366 5685
8367 5685
8368 5685
8369 5685
8370 5685
8371 5685
8372 5685
8373 5685
8374 5685
8375 5685
8376 5685
8377 5685
8378 5685
8379 5685
8380 5685
8381 5685
8382 5685
8383 5685
8384 5685
8385 5685
8386 5685
8387 5685
8388 5685
8389 5685
8390 5685
8391 5685
8392 5685
8393 5685
8394 5685
8395 5685
8396 5685
8397 5685
8398 5685
8399 5685
8400 5685
8401 5685
8402 5685
8403 5685
8404 5685
8405 5685
8406 5685
8407 5685
8408 5685
8409 5685
8410 5685
8411 5685
8412 5685
8413 5685
8414 5685
8415 5685
8416 5685
8417 5685
8418 5685
8419 5685
8420 5685
8421 5685
8422 5685
8423 5685
8424 5685
8425 5685
8426 5685
8427 5685
8428 5685
8429 5685
8430 5685
8431 5685
8432 5685
8433 5685
8434 5685
8435 5685
8436 5685
8437 5685
8438 5685
8439 5685
8440 5685
8441 5685
8442 5685
8443 5685
8444 5685
8445 5685
8446 5685
8447 5685
8448 5685
8449 5685
8450 5685
8451 5685
8452 5685
8453 5685
8454 5685
8455 5685
8456 5685
8457 5685
8458 5685
8459 5685
8460 5685
8461 5685
8462 5685
8463 5685
8464 5685
8465 5685
8466 5685
8467 5685
8468 5685
8469 5685
8470 5685
8471 5685
8472 5685
8473 5685
8474 5685
8475 5685
8476 5685
8477 5685
8478 5685
8479 5685
8480 5685
8481 5685
8482 5685
8483 5685
8484 5685
8485 5685
8486 5685
8487 5685
8488 5685
8489 5685
8490 5685
8491 5685
8492 5685
8493 5685
8494 5685
8495 5685
8496 5685
8497 5685
8498 5685
8499 5685
8500 5685
8501 5685
8502 5685
8503 5685
8504 5685
8505 5685
8506 5685
8507 5685
8508 5685
8509 5685
8510 5685
8511 5685
8512 5685
8513 5685
8514 5685
8515 5685
8516 5685
8517 5685
8518 5685
8519 5685
8520 5685
8521 5685
8522 5685
8523 5685
8524 5685
8525 5685
8526 5685
8527 5685
8528 5685
8529 5685
8530 5685
8531 5685
8532 5685
8533 5685
8534 5685
8535 5685
8536 5685
8537 5685
8538 5685
8539 5685
8540 5685
8541 5685
8542 5685
8543 5685
8544 5685
8545 5685
8546 5685
8547 5685
8548 5685
8549 5685
8550 5685
8551 5685
8552 5685
8553 5685
8554 5685
8555 5685
8556 5685
8557 5685
8558 5685
8559 5685
8560 5685
8561 5685
8562 5685
8563 5685
8564 5685
8565 5685
8566 5685
8567 5685
8568 5685
8569 5685
8570 5685
8571 5685
8572 5685
8573 5685
8574 5685
8575 5685
8576 5685
8577 5685
8578 5685
8579 5685
8580 5685
8581 5685
8582 5685
8583 5685
8584 5685
8585 5685
8586 5685
8587 5685
8588 5685
8589 5685
8590 5685
8591 5685
8592 5685
8593 5685
8594 5685
8595 5685
8596 5685
8597 5685
8598 5685
8599 5685
8600 5685
8601 5685
8602 5685
8603 5685
8604 5685
8605 5685
8606 5685
8607 5685
8608 5685
8609 5685
8610 5685
8611 5685
8612 5685
8613 5685
8614 5685
8615 5685
8616 5685
8617 5685
8618 5685
8619 5685
8620 5685
8621 5685
8622 5685
8623 5685
8624 5685
8625 5685
8626 5685
8627 5685
8628 5685
8629 5685
8630 5685
8631 5685
8632 5685
8633 5685
8634 5685
8635 5685
8636 5685
8637 5685
8638 5685
8639 5685
8640 5685
8641 5685
8642 5685
8643 5685
8644 5685
8645 5685
8646 5685
8647 5685
8648 5685
8649 5685
8650 5685
8651 5685
8652 5685
8653 5685
8654 5685
8655 5685
8656 5685
8657 5685
8658 5685
8659 5685
8660 5685
8661 5685
8662 5685
8663 5685
8664 5685
8665 5685
8666 5685
8667 5685
8668 5685
8669 5685
8670 5685
8671 5685
8672 5685
8673 5685
8674 5685
8675 5685
8676 5685
8677 5685
8678 5685
8679 5685
8680 5685
8681 5685
8682 5685
8683 5685
8684 5685
8685 5685
8686 5685
8687 5685
8688 5685
8689 5685
8690 5685
8691 5685
8692 5685
8693 5685
8694 5685
8695 5685
8696 5685
8697 5685
8698 5685
8699 5685
8700 5685
8701 5685
8702 5685
8703 5685
8704 5685
8705 5685
8706 5685
8707 5685
8708 5685
8709 5685
8710 5685
8711 5685
8712 5685
8713 5685
8714 5685
8715 5685
8716 5685
8717 5685
8718 5685
8719 5685
8720 5685
8721 5685
8722 5685
8723 5685
8724 5685
8725 5685
8726 5685
8727 5685
8728 5685
8729 5685
8730 5685
8731 5685
8732 5685
8733 5685
8734 5685
8735 5685
8736 5685
8737 5685
8738 5685
8739 5685
8740 5685
8741 5685
8742 5685
8743 5685
8744 5685
8745 5685
8746 5685
8747 5685
8748 5685
8749 5685
8750 5685
8751 5685
8752 5685
8753 5685
8754 5685
8755 5685
8756 5685
8757 5685
8758 5685
8759 5685
8760 5685
8761 5685
8762 5685
8763 5685
8764 5685
8765 5685
8766 5685
8767 5685
8768 5685
8769 5685
8770 5685
8771 5685
8772 5685
8773 5685
8774 5685
8775 5685
8776 5685
8777 5685
8778 5685
8779 5685
8780 5685
8781 5685
8782 5685
8783 5685
8784 5685
8785 5685
8786 5685
8787 5685
8788 5685
8789 5685
8790 5685
8791 5685
8792 5685
8793 5685
8794 5685
8795 5685
8796 5685
8797 5685
8798 5685
8799 5685
8800 5685
8801 5685
8802 5685
8803 5685
8804 5685
8805 5685
8806 5685
8807 5685
8808 5685
8809 5685
8810 5685
8811 5685
8812 5685
8813 5685
8814 5685
8815 5685
8816 5685
8817 5685
8818 5685
8819 5685
8820 5685
8821 5685
8822 5685
8823 5685
8824 5685
8825 5685
8826 5685
8827 5685
8828 5685
8829 5685
8830 5685
8831 5685
8832 5685
8833 5685
8834 5685
8835 5685
8836 5685
8837 5685
8838 5685
8839 5685
8840 5685
8841 5685
8842 5685
8843 5685
8844 5685
8845 5685
8846 5685
8847 5685
8848 5685
8849 5685
8850 5685
8851 5685
8852 5685
8853 5685
8854 5685
8855 5685
8856 5685
8857 5685
8858 5685
8859 5685
8860 5685
8861 5685
8862 5685
8863 5685
8864 5685
8865 5685
8866 5685
8867 5685
8868 5685
8869 5685
8870 5685
8871 5685
8872 5685
8873 5685
8874 5685
8875 5685
8876 5685
8877 5685
8878 5685
8879 5685
8880 5685
8881 5685
8882 5685
8883 5685
8884 5685
8885 5685
8886 5685
8887 5685
8888 5685
8889 5685
8890 5685
8891 5685
8892 5685
8893 5685
8894 5685
8895 5685
8896 5685
8897 5685
8898 5685
8899 5685
8900 5685
8901 5685
8902 5685
8903 5685
8904 5685
8905 5685
8906 5685
8907 5685
8908 5685
8909 5685
8910 5685
8911 5685
8912 5685
8913 5685
8914 5685
8915 5685
8916 5685
8917 5685
8918 5685
8919 5685
8920 5685
8921 5685
8922 5685
8923 5685
8924 5685
8925 5685
8926 5685
8927 5685
8928 5685
8929 5685
8930 5685
8931 5685
8932 5685
8933 5685
8934 5685
8935 5685
8936 5685
8937 5685
8938 5685
8939 5685
8940 5685
8941 5685
8942 5685
8943 5685
8944 5685
8945 5685
8946 5685
8947 5685
8948 5685
8949 5685
8950 5685
8951 5685
8952 5685
8953 5685
8954 5685
8955 5685
8956 5685
8957 5685
8958 5685
8959 5685
8960 5685
8961 5685
8962 5685
8963 5685
8964 5685
8965 5685
8966 5685
8967 5685
8968 5685
8969 5685
8970 5685
8971 5685
8972 5685
8973 5685
8974 5685
8975 5685
8976 5685
8977 5685
8978 5685
8979 5685
8980 5685
8981 5685
8982 5685
8983 5685
8984 5685
8985 5685
8986 5685
8987 5685
8988 5685
8989 5685
8990 5685
8991 5685
8992 5685
8993 5685
8994 5685
8995 5685
8996 5685
8997 5685
8998 5685
8999 5685
9000 5685
9001 5685
9002 5685
9003 5685
9004 5685
9005 5685
9006 5685
9007 5685
9008 5685
9009 5685
9010 5685
9011 5685
9012 5685
9013 5685
9014 5685
9015 5685
9016 5685
9017 5685
9018 5685
9019 5685
9020 5685
9021 5685
9022 5685
9023 5685
9024 5685
9025 5685
9026 5685
9027 5685
9028 5685
9029 5685
9030 5685
9031 5685
9032 5685
9033 5685
9034 5685
9035 5685
9036 5685
9037 5685
9038 5685
9039 5685
9040 5685
9041 5685
9042 5685
9043 5685
9044 5685
9045 5685
9046 5685
9047 5685
9048 5685
9049 5685
9050 5685
9051 5685
9052 5685
9053 5685
9054 5685
9055 5685
9056 5685
9057 5685
9058 5685
9059 5685
9060 5685
9061 5685
9062 5685
9063 5685
9064 5685
9065 5685
9066 5685
9067 5685
9068 5685
9069 5685
9070 5685
9071 5685
9072 5685
9073 5685
9074 5685
9075 5685
9076 5685
9077 5685
9078 5685
9079 5685
9080 5685
9081 5685
9082 5685
9083 5685
9084 5685
9085 5685
9086 5685
9087 5685
9088 5685
9089 5685
9090 5685
9091 5685
9092 5685
9093 5685
9094 5685
9095 5685
9096 5685
9097 5685
9098 5685
9099 5685
9100 5685
9101 5685
9102 5685
9103 5685
9104 5685
9105 5685
9106 5689
9107 5689
9108 5689
9109 5689
9110 5689
9111 5689
9112 5689
9113 5689
9114 5689
9115 5689
9116 5689
9117 5689
9118 5689
9119 5689
9120 5689
9121 5689
9122 5689
9123 5689
9124 5689
9125 5689
9126 5689
9127 5689
9128 5689
9129 5689
9130 5689
9131 5689
9132 5689
9133 5689
9134 5689
9135 5689
9136 5689
9137 5689
9138 5689
9139 5689
9140 5689
9141 5689
9142 5689
9143 5689
9144 5689
9145 5689
9146 5689
9147 5689
9148 5689
9149 5689
9150 5689
9151 5689
9152 5689
9153 5689
9154 5689
9155 5689
9156 5689
9157 5689
9158 5689
9159 5689
9160 5689
9161 5689
9162 5689
9163 5689
9164 5689
9165 5689
9166 5689
9167 5689
9168 5689
9169 5689
9170 5689
9171 5689
9172 5689
9173 5689
9174 5689
9175 5689
9176 5689
9177 5689
9178 5689
9179 5689
9180 5689
9181 5689
9182 5689
9183 5689
9184 5689
9185 5689
9186 5689
9187 5689
9188 5689
9189 5689
9190 5689
9191 5689
9192 5689
9193 5689
9194 5689
9195 5689
9196 5689
9197 5689
9198 5689
9199 5689
9200 5689
9201 5689
9202 5689
9203 5689
9204 5689
9205 5689
9206 5689
9207 5689
9208 5689
9209 5689
9210 5689
9211 5689
9212 5689
9213 5689
9214 5689
9215 5689
9216 5689
9217 5689
9218 5689
9219 5689
9220 5689
9221 5689
9222 5689
9223 5689
9224 5689
9225 5689
9226 5689
9227 5689
9228 5689
9229 5689
9230 5689
9231 5689
9232 5689
9233 5689
9234 5689
9235 5689
9236 5695
9237 5695
9238 5695
9239 5695
9240 5695
9241 5695
9242 5695
9243 5695
9244 5695
9245 5695
9246 5695
9247 5695
9248 5695
9249 5695
9250 5695
9251 5695
9252 5695
9253 5695
9254 5695
9255 5695
9256 5695
9257 5695
9258 5695
9259 5695
9260 5695
9261 5695
9262 5695
9263 5695
9264 5695
9265 5695
9266 5695
9267 5695
9268 5695
9269 5695
9270 5695
9271 5695
9272 5695
9273 5695
9274 5695
9275 5695
9276 5695
9277 5695
9278 5695
9279 5695
9280 5695
9281 5695
9282 5695
9283 5695
9284 5695
9285 5695
9286 5695
9287 5695
9288 5695
9289 5695
9290 5695
9291 5695
9292 5695
9293 5695
9294 5695
9295 5695
9296 5695
9297 5695
9298 5695
9299 5695
9300 5695
9301 5695
9302 5695
9303 5695
9304 5695
9305 5695
9306 5695
9307 5695
9308 5695
9309 5695
9310 5695
9311 5695
9312 5695
9313 5695
9314 5695
9315 5695
9316 5695
9317 5695
9318 5695
9319 5695
9320 5695
9321 5695
9322 5695
9323 5695
9324 5695
9325 5695
9326 5695
9327 5695
9328 5695
9329 5695
9330 5695
9331 5695
9332 5695
9333 5695
9334 5695
9335 5695
9336 5695
9337 5695
9338 5695
9339 5695
9340 5695
9341 5695
9342 5695
9343 5695
9344 5695
9345 5695
9346 5695
9347 5695
9348 5695
9349 5695
9350 5695
9351 5695
9352 5695
9353 5695
9354 5695
9355 5695
9356 5695
9357 5695
9358 5695
9359 5695
9360 5695
9361 5695
9362 5695
9363 5695
9364 5695
9365 5695
9366 5695
9367 5695
9368 5695
9369 5695
9370 5695
9371 5695
9372 5695
9373 5695
9374 5695
9375 5695
9376 5695
9377 5695
9378 5695
9379 5695
9380 5695
9381 5695
9382 5695
9383 5695
9384 5695
9385 5695
9386 5695
9387 5695
9388 5695
9389 5695
9390 5695
9391 5695
9392 5695
9393 5695
9394 5695
9395 5695
9396 5695
9397 5695
9398 5695
9399 5695
9400 5695
9401 5695
9402 5695
9403 5695
9404 5695
9405 5695
9406 5695
9407 5695
9408 5695
9409 5695
9410 5695
9411 5695
9412 5695
9413 5695
9414 5695
9415 5695
9416 5695
9417 5695
9418 5695
9419 5695
9420 5695
9421 5695
9422 5695
9423 5695
9424 5695
9425 5695
9426 5695
9427 5695
9428 5695
9429 5695
9430 5695
9431 5695
9432 5695
9433 5695
9434 5695
9435 5695
9436 5695
9437 5695
9438 5695
9439 5695
9440 5695
9441 5695
9442 5695
9443 5695
9444 5695
9445 5695
9446 5695
9447 5695
9448 5695
9449 5695
9450 5695
9451 5695
9452 5695
9453 5695
9454 5695
9455 5695
9456 5695
9457 5695
9458 5695
9459 5695
9460 5695
9461 5695
9462 5695
9463 5695
9464 5695
9465 5695
9466 5695
9467 5695
9468 5695
9469 5695
9470 5695
9471 5695
9472 5695
9473 5695
9474 5695
9475 5695
9476 5695
9477 5695
9478 5695
9479 5695
9480 5695
9481 5695
9482 5695
9483 5695
9484 5695
9485 5695
9486 5703
9487 5703
9488 5703
9489 5703
9490 5703
9491 5703
9492 5703
9493 5703
9494 5703
9495 5703
9496 5703
9497 5703
9498 5703
9499 5703
9500 5703
9501 5703
9502 5703
9503 5703
9504 5703
9505 5703
9506 5703
9507 5703
9508 5703
9509 5703
9510 5703
9511 5703
9512 5703
9513 5703
9514 5703
9515 5703
9516 5703
9517 5703
9518 5703
9519 5703
9520 5703
9521 5703
9522 5703
9523 5703
9524 5703
9525 5703
9526 5703
9527 5703
9528 5703
9529 5703
9530 5703
9531 5703
9532 5703
9533 5703
9534 5703
9535 5703
9536 5703
9537 5703
9538 5703
9539 5703
9540 5703
9541 5703
9542 5703
9543 5703
9544 5703
9545 5703
9546 5703
9547 5703
9548 5703
9549 5703
9550 5703
9551 5703
9552 5703
9553 5703
9554 5703
9555 5703
9556 5703
9557 5703
9558 5703
9559 5703
9560 5703
9561 5703
9562 5703
9563 5703
9564 5703
9565 5703
9566 5703
9567 5703
9568 5703
9569 5703
9570 5703
9571 5703
9572 5703
9573 5703
9574 5703
9575 5703
9576 5703
9577 5703
9578 5703
9579 5703
9580 5703
9581 5703
9582 5703
9583 5703
9584 5703
9585 5703
9586 5703
9587 5703
9588 5703
9589 5703
9590 5703
9591 5703
9592 5703
9593 5703
9594 5703
9595 5703
9596 5703
9597 5703
9598 5703
9599 5703
9600 5703
9601 5703
9602 5703
9603 5703
9604 5703
9605 5703
9606 5703
9607 5703
9608 5703
9609 5703
9610 5703
9611 5703
9612 5703
9613 5703
9614 5703
9615 5703
9616 5703
9617 5703
9618 5703
9619 5703
9620 5703
9621 5703
9622 5703
9623 5703
9624 5703
9625 5703
9626 5705
9627 5705
9628 5705
9629 5705
9630 5705
9631 5705
9632 5705
9633 5705
9634 5705
9635 5705
9636 5725
9637 5725
9638 5725
9639 5725
9640 5725
9641 5725
9642 5725
9643 5725
9644 5725
9645 5725
9646 5725
9647 5725
9648 5725
9649 5725
9650 5725
9651 5725
9652 5725
9653 5725
9654 5725
9655 5725
9656 5725
9657 5725
9658 5725
9659 5725
9660 5725
9661 5725
9662 5725
9663 5725
9664 5725
9665 5725
9666 5725
9667 5725
9668 5725
9669 5725
9670 5725
9671 5725
9672 5725
9673 5725
9674 5725
9675 5725
9676 5725
9677 5725
9678 5725
9679 5725
9680 5725
9681 5725
9682 5725
9683 5725
9684 5725
9685 5725
9686 5725
9687 5725
9688 5725
9689 5725
9690 5725
9691 5725
9692 5725
9693 5725
9694 5725
9695 5725
9696 5725
9697 5725
9698 5725
9699 5725
9700 5725
9701 5725
9702 5725
9703 5725
9704 5725
9705 5725
9706 5725
9707 5725
9708 5725
9709 5725
9710 5725
9711 5725
9712 5725
9713 5725
9714 5725
9715 5725
9716 5725
9717 5725
9718 5725
9719 5725
9720 5725
9721 5725
9722 5725
9723 5725
9724 5725
9725 5725
9726 5725
9727 5725
9728 5725
9729 5725
9730 5725
9731 5725
9732 5725
9733 5725
9734 5725
9735 5725
9736 5725
9737 5725
9738 5725
9739 5725
9740 5725
9741 5725
9742 5725
9743 5725
9744 5725
9745 5725
9746 5725
9747 5725
9748 5725
9749 5725
9750 5725
9751 5725
9752 5725
9753 5725
9754 5725
9755 5725
9756 5725
9757 5725
9758 5725
9759 5725
9760 5725
9761 5725
9762 5725
9763 5725
9764 5725
9765 5725
9766 5725
9767 5725
9768 5725
9769 5725
9770 5725
9771 5725
9772 5725
9773 5725
9774 5725
9775 5725
9776 5725
9777 5725
9778 5725
9779 5725
9780 5725
9781 5725
9782 5725
9783 5725
9784 5725
9785 5725
9786 5725
9787 5725
9788 5725
9789 5725
9790 5725
9791 5725
9792 5725
9793 5725
9794 5725
9795 5725
9796 5725
9797 5725
9798 5725
9799 5725
9800 5725
9801 5725
9802 5725
9803 5725
9804 5725
9805 5725
9806 5725
9807 5725
9808 5725
9809 5725
9810 5725
9811 5725
9812 5725
9813 5725
9814 5725
9815 5725
9816 5725
9817 5725
9818 5725
9819 5725
9820 5725
9821 5725
9822 5725
9823 5725
9824 5725
9825 5725
9826 5725
9827 5725
9828 5725
9829 5725
9830 5725
9831 5725
9832 5725
9833 5725
9834 5725
9835 5725
9836 5725
9837 5725
9838 5725
9839 5725
9840 5725
9841 5725
9842 5725
9843 5725
9844 5725
9845 5725
9846 5725
9847 5725
9848 5725
9849 5725
9850 5725
9851 5725
9852 5725
9853 5725
9854 5725
9855 5725
9856 5725
9857 5725
9858 5725
9859 5725
9860 5725
9861 5725
9862 5725
9863 5725
9864 5725
9865 5725
9866 5725
9867 5725
9868 5725
9869 5725
9870 5725
9871 5725
9872 5725
9873 5725
9874 5725
9875 5725
9876 5725
9877 5725
9878 5725
9879 5725
9880 5725
9881 5725
9882 5725
9883 5725
9884 5725
9885 5725
9886 5725
9887 5725
9888 5725
9889 5725
9890 5725
9891 5725
9892 5725
9893 5725
9894 5725
9895 5725
9896 5725
9897 5725
9898 5725
9899 5725
9900 5725
9901 5725
9902 5725
9903 5725
9904 5725
9905 5725
9906 5725
9907 5725
9908 5725
9909 5725
9910 5725
9911 5725
9912 5725
9913 5725
9914 5725
9915 5725
9916 5725
9917 5725
9918 5725
9919 5725
9920 5725
9921 5725
9922 5725
9923 5725
9924 5725
9925 5725
9926 5725
9927 5725
9928 5725
9929 5725
9930 5725
9931 5725
9932 5725
9933 5725
9934 5725
9935 5725
9936 5725
9937 5725
9938 5725
9939 5725
9940 5725
9941 5725
9942 5725
9943 5725
9944 5725
9945 5725
9946 5725
9947 5725
9948 5725
9949 5725
9950 5725
9951 5725
9952 5725
9953 5725
9954 5725
9955 5725
9956 5725
9957 5725
9958 5725
9959 5725
9960 5725
9961 5725
9962 5725
9963 5725
9964 5725
9965 5725
9966 5725
9967 5725
9968 5725
9969 5725
9970 5725
9971 5725
9972 5725
9973 5725
9974 5725
9975 5725
9976 5725
9977 5725
9978 5725
9979 5725
9980 5725
9981 5725
9982 5725
9983 5725
9984 5725
9985 5725
9986 5725
9987 5725
9988 5725
9989 5725
9990 5725
9991 5725
9992 5725
9993 5725
9994 5725
9995 5725
9996 5725
9997 5725
9998 5725
9999 5725
10000 5725
10001 5725
10002 5725
10003 5725
10004 5725
10005 5725
10006 5725
10007 5725
10008 5725
10009 5725
10010 5725
