1 5335
2 5362
3 5362
4 5362
5 5362
6 5362
7 5362
8 5362
9 5362
10 5362
11 5362
12 5433
13 5433
14 5433
15 5433
16 5433
17 5433
18 5433
19 5433
20 5433
21 5433
22 5433
23 5433
24 5433
25 5433
26 5433
27 5433
28 5433
29 5433
30 5433
31 5433
32 5454
33 5454
34 5454
35 5454
36 5454
37 5454
38 5454
39 5454
40 5454
41 5454
42 5454
43 5454
44 5454
45 5454
46 5454
47 5454
48 5454
49 5454
50 5454
51 5454
52 5454
53 5454
54 5454
55 5454
56 5454
57 5454
58 5454
59 5454
60 5454
61 5454
62 5454
63 5454
64 5454
65 5454
66 5454
67 5454
68 5454
69 5454
70 5454
71 5454
72 5454
73 5454
74 5454
75 5454
76 5454
77 5454
78 5454
79 5454
80 5454
81 5454
82 5454
83 5454
84 5454
85 5454
86 5454
87 5454
88 5454
89 5454
90 5454
91 5454
92 5454
93 5454
94 5454
95 5454
96 5454
97 5454
98 5454
99 5454
100 5454
101 5454
102 5460
103 5460
104 5460
105 5460
106 5460
107 5460
108 5460
109 5460
110 5460
111 5460
112 5460
113 5460
114 5460
115 5460
116 5460
117 5460
118 5460
119 5460
120 5460
121 5460
122 5460
123 5460
124 5460
125 5460
126 5460
127 5460
128 5460
129 5460
130 5460
131 5460
132 5460
133 5460
134 5460
135 5460
136 5460
137 5460
138 5460
139 5460
140 5460
141 5460
142 5460
143 5460
144 5460
145 5460
146 5460
147 5460
148 5460
149 5460
150 5460
151 5460
152 5460
153 5460
154 5460
155 5460
156 5460
157 5460
158 5460
159 5460
160 5460
161 5460
162 5460
163 5460
164 5460
165 5460
166 5460
167 5460
168 5460
169 5460
170 5460
171 5460
172 5460
173 5460
174 5460
175 5460
176 5460
177 5460
178 5460
179 5460
180 5460
181 5460
182 5516
183 5516
184 5516
185 5516
186 5516
187 5516
188 5516
189 5516
190 5516
191 5516
192 5516
193 5516
194 5516
195 5516
196 5516
197 5516
198 5516
199 5516
200 5516
201 5516
202 5516
203 5516
204 5516
205 5516
206 5516
207 5516
208 5516
209 5516
210 5516
211 5516
212 5516
213 5516
214 5516
215 5516
216 5516
217 5516
218 5516
219 5516
220 5516
221 5516
222 5516
223 5516
224 5516
225 5516
226 5516
227 5516
228 5516
229 5516
230 5516
231 5516
232 5516
233 5516
234 5516
235 5516
236 5516
237 5516
238 5516
239 5516
240 5516
241 5516
242 5516
243 5516
244 5516
245 5516
246 5516
247 5516
248 5516
249 5516
250 5516
251 5516
252 5516
253 5516
254 5516
255 5516
256 5516
257 5516
258 5516
259 5516
260 5516
261 5516
262 5516
263 5516
264 5516
265 5516
266 5516
267 5516
268 5516
269 5516
270 5516
271 5516
272 5516
273 5516
274 5516
275 5516
276 5516
277 5516
278 5516
279 5516
280 5516
281 5516
282 5516
283 5516
284 5516
285 5516
286 5516
287 5516
288 5516
289 5516
290 5516
291 5516
292 5516
293 5516
294 5516
295 5516
296 5516
297 5516
298 5516
299 5516
300 5516
301 5516
302 5516
303 5516
304 5516
305 5516
306 5516
307 5516
308 5516
309 5516
310 5516
311 5516
312 5516
313 5516
314 5516
315 5516
316 5516
317 5516
318 5516
319 5516
320 5516
321 5516
322 5516
323 5516
324 5516
325 5516
326 5516
327 5516
328 5516
329 5516
330 5516
331 5516
332 5516
333 5516
334 5516
335 5516
336 5516
337 5516
338 5516
339 5516
340 5516
341 5516
342 5516
343 5516
344 5516
345 5516
346 5516
347 5516
348 5516
349 5516
350 5516
351 5516
352 5516
353 5516
354 5516
355 5516
356 5516
357 5516
358 5516
359 5516
360 5516
361 5516
362 5516
363 5516
364 5516
365 5516
366 5516
367 5516
368 5516
369 5516
370 5516
371 5516
372 5516
373 5516
374 5516
375 5516
376 5516
377 5516
378 5516
379 5516
380 5516
381 5516
382 5516
383 5516
384 5516
385 5516
386 5516
387 5516
388 5516
389 5516
390 5516
391 5516
392 5516
393 5516
394 5516
395 5516
396 5516
397 5516
398 5516
399 5516
400 5516
401 5516
402 5516
403 5516
404 5516
405 5516
406 5516
407 5516
408 5516
409 5516
410 5516
411 5516
412 5516
413 5516
414 5516
415 5516
416 5516
417 5516
418 5516
419 5516
420 5516
421 5516
422 5516
423 5516
424 5516
425 5516
426 5516
427 5516
428 5516
429 5516
430 5516
431 5516
432 5516
433 5516
434 5516
435 5516
436 5516
437 5516
438 5516
439 5516
440 5516
441 5516
442 5516
443 5516
444 5516
445 5516
446 5516
447 5516
448 5516
449 5516
450 5516
451 5516
452 5516
453 5516
454 5516
455 5516
456 5516
457 5516
458 5516
459 5516
460 5516
461 5516
462 5516
463 5516
464 5516
465 5516
466 5516
467 5516
468 5516
469 5516
470 5516
471 5516
472 5516
473 5516
474 5516
475 5516
476 5516
477 5516
478 5516
479 5516
480 5516
481 5516
482 5516
483 5516
484 5516
485 5516
486 5516
487 5516
488 5516
489 5516
490 5516
491 5516
492 5516
493 5516
494 5516
495 5516
496 5516
497 5516
498 5516
499 5516
500 5516
501 5516
502 5516
503 5516
504 5516
505 5516
506 5516
507 5516
508 5516
509 5516
510 5516
511 5516
512 5516
513 5516
514 5516
515 5516
516 5516
517 5516
518 5516
519 5516
520 5516
521 5516
522 5516
523 5516
524 5516
525 5516
526 5516
527 5516
528 5516
529 5516
530 5516
531 5516
532 5516
533 5516
534 5516
535 5516
536 5516
537 5516
538 5516
539 5516
540 5516
541 5516
542 5516
543 5516
544 5516
545 5516
546 5516
547 5516
548 5516
549 5516
550 5516
551 5516
552 5516
553 5516
554 5516
555 5516
556 5516
557 5516
558 5516
559 5516
560 5516
561 5516
562 5516
563 5516
564 5516
565 5516
566 5516
567 5516
568 5516
569 5516
570 5516
571 5516
572 5516
573 5516
574 5516
575 5516
576 5516
577 5516
578 5516
579 5516
580 5516
581 5516
582 5516
583 5516
584 5516
585 5516
586 5516
587 5516
588 5516
589 5516
590 5516
591 5516
592 5516
593 5516
594 5516
595 5516
596 5516
597 5516
598 5516
599 5516
600 5516
601 5516
602 5516
603 5516
604 5516
605 5516
606 5516
607 5516
608 5516
609 5516
610 5516
611 5516
612 5516
613 5516
614 5516
615 5516
616 5516
617 5516
618 5516
619 5516
620 5516
621 5516
622 5516
623 5516
624 5516
625 5516
626 5516
627 5516
628 5516
629 5516
630 5516
631 5516
632 5516
633 5516
634 5516
635 5516
636 5516
637 5516
638 5516
639 5516
640 5516
641 5516
642 5516
643 5516
644 5516
645 5516
646 5516
647 5516
648 5516
649 5516
650 5516
651 5516
652 5516
653 5516
654 5516
655 5516
656 5516
657 5516
658 5516
659 5516
660 5516
661 5516
662 5516
663 5516
664 5516
665 5516
666 5516
667 5516
668 5516
669 5516
670 5516
671 5516
672 5516
673 5516
674 5516
675 5516
676 5516
677 5516
678 5516
679 5516
680 5516
681 5516
682 5516
683 5516
684 5516
685 5516
686 5516
687 5516
688 5516
689 5516
690 5516
691 5516
692 5516
693 5516
694 5516
695 5516
696 5516
697 5516
698 5516
699 5516
700 5516
701 5516
702 5516
703 5516
704 5516
705 5516
706 5516
707 5516
708 5516
709 5516
710 5516
711 5516
712 5516
713 5516
714 5516
715 5516
716 5516
717 5516
718 5516
719 5516
720 5516
721 5516
722 5516
723 5516
724 5516
725 5516
726 5516
727 5516
728 5516
729 5516
730 5516
731 5516
732 5516
733 5516
734 5516
735 5516
736 5516
737 5516
738 5516
739 5516
740 5516
741 5516
742 5516
743 5516
744 5516
745 5516
746 5516
747 5516
748 5516
749 5516
750 5516
751 5516
752 5516
753 5516
754 5516
755 5516
756 5516
757 5516
758 5516
759 5516
760 5516
761 5516
762 5516
763 5516
764 5516
765 5516
766 5516
767 5516
768 5516
769 5516
770 5516
771 5516
772 5516
773 5516
774 5516
775 5516
776 5516
777 5516
778 5516
779 5516
780 5516
781 5516
782 5516
783 5516
784 5516
785 5516
786 5516
787 5516
788 5516
789 5516
790 5516
791 5516
792 5516
793 5516
794 5516
795 5516
796 5516
797 5516
798 5516
799 5516
800 5516
801 5516
802 5516
803 5516
804 5516
805 5516
806 5516
807 5516
808 5516
809 5516
810 5516
811 5516
812 5516
813 5516
814 5516
815 5516
816 5516
817 5516
818 5516
819 5516
820 5516
821 5516
822 5516
823 5516
824 5516
825 5516
826 5516
827 5516
828 5516
829 5516
830 5516
831 5516
832 5516
833 5516
834 5516
835 5516
836 5516
837 5516
838 5516
839 5516
840 5516
841 5516
842 5516
843 5516
844 5516
845 5516
846 5516
847 5516
848 5516
849 5516
850 5516
851 5516
852 5516
853 5516
854 5516
855 5516
856 5516
857 5516
858 5516
859 5516
860 5516
861 5516
862 5516
863 5516
864 5516
865 5516
866 5516
867 5516
868 5516
869 5516
870 5516
871 5516
872 5516
873 5516
874 5516
875 5516
876 5516
877 5516
878 5516
879 5516
880 5516
881 5516
882 5516
883 5516
884 5516
885 5516
886 5516
887 5516
888 5516
889 5516
890 5516
891 5516
892 5516
893 5516
894 5516
895 5516
896 5516
897 5516
898 5516
899 5516
900 5516
901 5516
902 5516
903 5516
904 5516
905 5516
906 5516
907 5516
908 5516
909 5516
910 5516
911 5516
912 5516
913 5516
914 5516
915 5516
916 5516
917 5516
918 5516
919 5516
920 5516
921 5516
922 5516
923 5516
924 5516
925 5516
926 5516
927 5516
928 5516
929 5516
930 5516
931 5516
932 5516
933 5516
934 5516
935 5516
936 5516
937 5516
938 5516
939 5516
940 5516
941 5516
942 5516
943 5516
944 5516
945 5516
946 5516
947 5516
948 5516
949 5516
950 5516
951 5516
952 5516
953 5516
954 5516
955 5516
956 5516
957 5516
958 5516
959 5516
960 5516
961 5516
962 5532
963 5532
964 5532
965 5532
966 5532
967 5532
968 5532
969 5532
970 5532
971 5532
972 5532
973 5532
974 5532
975 5532
976 5532
977 5532
978 5532
979 5532
980 5532
981 5532
982 5532
983 5532
984 5532
985 5532
986 5532
987 5532
988 5532
989 5532
990 5532
991 5532
992 5532
993 5532
994 5532
995 5532
996 5532
997 5532
998 5532
999 5532
1000 5532
1001 5532
1002 5532
1003 5532
1004 5532
1005 5532
1006 5532
1007 5532
1008 5532
1009 5532
1010 5532
1011 5532
1012 5532
1013 5532
1014 5532
1015 5532
1016 5532
1017 5532
1018 5532
1019 5532
1020 5532
1021 5532
1022 5532
1023 5532
1024 5532
1025 5532
1026 5532
1027 5532
1028 5532
1029 5532
1030 5532
1031 5532
1032 5532
1033 5532
1034 5532
1035 5532
1036 5532
1037 5532
1038 5532
1039 5532
1040 5532
1041 5532
1042 5532
1043 5532
1044 5532
1045 5532
1046 5532
1047 5532
1048 5532
1049 5532
1050 5532
1051 5532
1052 5532
1053 5532
1054 5532
1055 5532
1056 5532
1057 5532
1058 5532
1059 5532
1060 5532
1061 5532
1062 5532
1063 5532
1064 5532
1065 5532
1066 5532
1067 5532
1068 5532
1069 5532
1070 5532
1071 5532
1072 5532
1073 5532
1074 5532
1075 5532
1076 5532
1077 5532
1078 5532
1079 5532
1080 5532
1081 5532
1082 5532
1083 5532
1084 5532
1085 5532
1086 5532
1087 5532
1088 5532
1089 5532
1090 5532
1091 5532
1092 5532
1093 5532
1094 5532
1095 5532
1096 5532
1097 5532
1098 5532
1099 5532
1100 5532
1101 5532
1102 5532
1103 5532
1104 5532
1105 5532
1106 5532
1107 5532
1108 5532
1109 5532
1110 5532
1111 5532
1112 5532
1113 5532
1114 5532
1115 5532
1116 5532
1117 5532
1118 5532
1119 5532
1120 5532
1121 5532
1122 5535
1123 5535
1124 5535
1125 5535
1126 5535
1127 5535
1128 5535
1129 5535
1130 5535
1131 5535
1132 5535
1133 5535
1134 5535
1135 5535
1136 5535
1137 5535
1138 5535
1139 5535
1140 5535
1141 5535
1142 5535
1143 5535
1144 5535
1145 5535
1146 5535
1147 5535
1148 5535
1149 5535
1150 5535
1151 5535
1152 5535
1153 5535
1154 5535
1155 5535
1156 5535
1157 5535
1158 5535
1159 5535
1160 5535
1161 5535
1162 5535
1163 5535
1164 5535
1165 5535
1166 5535
1167 5535
1168 5535
1169 5535
1170 5535
1171 5535
1172 5535
1173 5535
1174 5535
1175 5535
1176 5535
1177 5535
1178 5535
1179 5535
1180 5535
1181 5535
1182 5535
1183 5535
1184 5535
1185 5535
1186 5535
1187 5535
1188 5535
1189 5535
1190 5535
1191 5535
1192 5535
1193 5535
1194 5535
1195 5535
1196 5535
1197 5535
1198 5535
1199 5535
1200 5535
1201 5535
1202 5535
1203 5535
1204 5535
1205 5535
1206 5535
1207 5535
1208 5535
1209 5535
1210 5535
1211 5535
1212 5535
1213 5535
1214 5535
1215 5535
1216 5535
1217 5535
1218 5535
1219 5535
1220 5535
1221 5535
1222 5535
1223 5535
1224 5535
1225 5535
1226 5535
1227 5535
1228 5535
1229 5535
1230 5535
1231 5535
1232 5535
1233 5535
1234 5535
1235 5535
1236 5535
1237 5535
1238 5535
1239 5535
1240 5535
1241 5535
1242 5535
1243 5535
1244 5535
1245 5535
1246 5535
1247 5535
1248 5535
1249 5535
1250 5535
1251 5535
1252 5535
1253 5535
1254 5535
1255 5535
1256 5535
1257 5535
1258 5535
1259 5535
1260 5535
1261 5535
1262 5535
1263 5535
1264 5535
1265 5535
1266 5535
1267 5535
1268 5535
1269 5535
1270 5535
1271 5535
1272 5535
1273 5535
1274 5535
1275 5535
1276 5535
1277 5535
1278 5535
1279 5535
1280 5535
1281 5535
1282 5535
1283 5535
1284 5535
1285 5535
1286 5535
1287 5535
1288 5535
1289 5535
1290 5535
1291 5535
1292 5535
1293 5535
1294 5535
1295 5535
1296 5535
1297 5535
1298 5535
1299 5535
1300 5535
1301 5535
1302 5535
1303 5535
1304 5535
1305 5535
1306 5535
1307 5535
1308 5535
1309 5535
1310 5535
1311 5535
1312 5535
1313 5535
1314 5535
1315 5535
1316 5535
1317 5535
1318 5535
1319 5535
1320 5535
1321 5535
1322 5535
1323 5535
1324 5535
1325 5535
1326 5535
1327 5535
1328 5535
1329 5535
1330 5535
1331 5535
1332 5535
1333 5535
1334 5535
1335 5535
1336 5535
1337 5535
1338 5535
1339 5535
1340 5535
1341 5535
1342 5535
1343 5535
1344 5535
1345 5535
1346 5535
1347 5535
1348 5535
1349 5535
1350 5535
1351 5535
1352 5535
1353 5535
1354 5535
1355 5535
1356 5535
1357 5535
1358 5535
1359 5535
1360 5535
1361 5535
1362 5535
1363 5535
1364 5535
1365 5535
1366 5535
1367 5535
1368 5535
1369 5535
1370 5535
1371 5535
1372 5535
1373 5535
1374 5535
1375 5535
1376 5535
1377 5535
1378 5535
1379 5535
1380 5535
1381 5535
1382 5535
1383 5535
1384 5535
1385 5535
1386 5535
1387 5535
1388 5535
1389 5535
1390 5535
1391 5535
1392 5535
1393 5535
1394 5535
1395 5535
1396 5535
1397 5535
1398 5535
1399 5535
1400 5535
1401 5535
1402 5535
1403 5535
1404 5535
1405 5535
1406 5535
1407 5535
1408 5535
1409 5535
1410 5535
1411 5535
1412 5535
1413 5535
1414 5535
1415 5535
1416 5535
1417 5535
1418 5535
1419 5535
1420 5535
1421 5535
1422 5535
1423 5535
1424 5535
1425 5535
1426 5535
1427 5535
1428 5535
1429 5535
1430 5535
1431 5535
1432 5535
1433 5535
1434 5535
1435 5535
1436 5535
1437 5535
1438 5535
1439 5535
1440 5535
1441 5535
1442 5535
1443 5535
1444 5535
1445 5535
1446 5535
1447 5535
1448 5535
1449 5535
1450 5535
1451 5535
1452 5535
1453 5535
1454 5535
1455 5535
1456 5535
1457 5535
1458 5535
1459 5535
1460 5535
1461 5535
1462 5535
1463 5535
1464 5535
1465 5535
1466 5535
1467 5535
1468 5535
1469 5535
1470 5535
1471 5535
1472 5535
1473 5535
1474 5535
1475 5535
1476 5535
1477 5535
1478 5535
1479 5535
1480 5535
1481 5535
1482 5535
1483 5535
1484 5535
1485 5535
1486 5535
1487 5535
1488 5535
1489 5535
1490 5535
1491 5535
1492 5535
1493 5535
1494 5535
1495 5535
1496 5535
1497 5535
1498 5535
1499 5535
1500 5535
1501 5535
1502 5535
1503 5535
1504 5535
1505 5535
1506 5535
1507 5535
1508 5535
1509 5535
1510 5535
1511 5535
1512 5535
1513 5535
1514 5535
1515 5535
1516 5535
1517 5535
1518 5535
1519 5535
1520 5535
1521 5535
1522 5535
1523 5535
1524 5535
1525 5535
1526 5535
1527 5535
1528 5535
1529 5535
1530 5535
1531 5535
1532 5535
1533 5535
1534 5535
1535 5535
1536 5535
1537 5535
1538 5535
1539 5535
1540 5535
1541 5535
1542 5535
1543 5535
1544 5535
1545 5535
1546 5535
1547 5535
1548 5535
1549 5535
1550 5535
1551 5535
1552 5535
1553 5535
1554 5535
1555 5535
1556 5535
1557 5535
1558 5535
1559 5535
1560 5535
1561 5535
1562 5535
1563 5535
1564 5535
1565 5535
1566 5535
1567 5535
1568 5535
1569 5535
1570 5535
1571 5535
1572 5535
1573 5535
1574 5535
1575 5535
1576 5535
1577 5535
1578 5535
1579 5535
1580 5535
1581 5535
1582 5535
1583 5535
1584 5535
1585 5535
1586 5535
1587 5535
1588 5535
1589 5535
1590 5535
1591 5535
1592 5535
1593 5535
1594 5535
1595 5535
1596 5535
1597 5535
1598 5535
1599 5535
1600 5535
1601 5535
1602 5535
1603 5535
1604 5535
1605 5535
1606 5535
1607 5535
1608 5535
1609 5535
1610 5535
1611 5535
1612 5535
1613 5535
1614 5535
1615 5535
1616 5535
1617 5535
1618 5535
1619 5535
1620 5535
1621 5535
1622 5535
1623 5535
1624 5535
1625 5535
1626 5535
1627 5535
1628 5535
1629 5535
1630 5535
1631 5535
1632 5535
1633 5535
1634 5535
1635 5535
1636 5535
1637 5535
1638 5535
1639 5535
1640 5535
1641 5535
1642 5535
1643 5535
1644 5535
1645 5535
1646 5535
1647 5535
1648 5535
1649 5535
1650 5535
1651 5535
1652 5535
1653 5535
1654 5535
1655 5535
1656 5535
1657 5535
1658 5535
1659 5535
1660 5535
1661 5535
1662 5535
1663 5535
1664 5535
1665 5535
1666 5535
1667 5535
1668 5535
1669 5535
1670 5535
1671 5535
1672 5535
1673 5535
1674 5535
1675 5535
1676 5535
1677 5535
1678 5535
1679 5535
1680 5535
1681 5535
1682 5535
1683 5535
1684 5535
1685 5535
1686 5535
1687 5535
1688 5535
1689 5535
1690 5535
1691 5535
1692 5535
1693 5535
1694 5535
1695 5535
1696 5535
1697 5535
1698 5535
1699 5535
1700 5535
1701 5535
1702 5535
1703 5535
1704 5535
1705 5535
1706 5535
1707 5535
1708 5535
1709 5535
1710 5535
1711 5535
1712 5535
1713 5535
1714 5535
1715 5535
1716 5535
1717 5535
1718 5535
1719 5535
1720 5535
1721 5535
1722 5535
1723 5535
1724 5535
1725 5535
1726 5535
1727 5535
1728 5535
1729 5535
1730 5535
1731 5535
1732 5535
1733 5535
1734 5535
1735 5535
1736 5535
1737 5535
1738 5535
1739 5535
1740 5535
1741 5535
1742 5535
1743 5535
1744 5535
1745 5535
1746 5535
1747 5535
1748 5535
1749 5535
1750 5535
1751 5535
1752 5535
1753 5535
1754 5535
1755 5535
1756 5535
1757 5535
1758 5535
1759 5535
1760 5535
1761 5535
1762 5535
1763 5535
1764 5535
1765 5535
1766 5535
1767 5535
1768 5535
1769 5535
1770 5535
1771 5535
1772 5535
1773 5535
1774 5535
1775 5535
1776 5535
1777 5535
1778 5535
1779 5535
1780 5535
1781 5535
1782 5535
1783 5535
1784 5535
1785 5535
1786 5535
1787 5535
1788 5535
1789 5535
1790 5535
1791 5535
1792 5535
1793 5535
1794 5535
1795 5535
1796 5535
1797 5535
1798 5535
1799 5535
1800 5535
1801 5535
1802 5535
1803 5535
1804 5535
1805 5535
1806 5535
1807 5535
1808 5535
1809 5535
1810 5535
1811 5535
1812 5535
1813 5535
1814 5535
1815 5535
1816 5535
1817 5535
1818 5535
1819 5535
1820 5535
1821 5535
1822 5535
1823 5535
1824 5535
1825 5535
1826 5535
1827 5535
1828 5535
1829 5535
1830 5535
1831 5535
1832 5535
1833 5535
1834 5535
1835 5535
1836 5535
1837 5535
1838 5535
1839 5535
1840 5535
1841 5535
1842 5535
1843 5535
1844 5535
1845 5535
1846 5535
1847 5535
1848 5535
1849 5535
1850 5535
1851 5535
1852 5535
1853 5535
1854 5535
1855 5535
1856 5535
1857 5535
1858 5535
1859 5535
1860 5535
1861 5535
1862 5535
1863 5535
1864 5535
1865 5535
1866 5535
1867 5535
1868 5535
1869 5535
1870 5535
1871 5535
1872 5535
1873 5535
1874 5535
1875 5535
1876 5535
1877 5535
1878 5535
1879 5535
1880 5535
1881 5535
1882 5535
1883 5535
1884 5535
1885 5535
1886 5535
1887 5535
1888 5535
1889 5535
1890 5535
1891 5535
1892 5535
1893 5535
1894 5535
1895 5535
1896 5535
1897 5535
1898 5535
1899 5535
1900 5535
1901 5535
1902 5535
1903 5535
1904 5535
1905 5535
1906 5535
1907 5535
1908 5535
1909 5535
1910 5535
1911 5535
1912 5535
1913 5535
1914 5535
1915 5535
1916 5535
1917 5535
1918 5535
1919 5535
1920 5535
1921 5535
1922 5554
1923 5554
1924 5554
1925 5554
1926 5554
1927 5554
1928 5554
1929 5554
1930 5554
1931 5554
1932 5554
1933 5554
1934 5554
1935 5554
1936 5554
1937 5554
1938 5554
1939 5554
1940 5554
1941 5554
1942 5554
1943 5554
1944 5554
1945 5554
1946 5554
1947 5554
1948 5554
1949 5554
1950 5554
1951 5554
1952 5554
1953 5554
1954 5554
1955 5554
1956 5554
1957 5554
1958 5554
1959 5554
1960 5554
1961 5554
1962 5554
1963 5554
1964 5554
1965 5554
1966 5554
1967 5554
1968 5554
1969 5554
1970 5554
1971 5554
1972 5554
1973 5554
1974 5554
1975 5554
1976 5554
1977 5554
1978 5554
1979 5554
1980 5554
1981 5554
1982 5554
1983 5554
1984 5554
1985 5554
1986 5554
1987 5554
1988 5554
1989 5554
1990 5554
1991 5554
1992 5554
1993 5554
1994 5554
1995 5554
1996 5554
1997 5554
1998 5554
1999 5554
2000 5554
2001 5554
2002 5554
2003 5554
2004 5554
2005 5554
2006 5554
2007 5554
2008 5554
2009 5554
2010 5554
2011 5554
2012 5554
2013 5554
2014 5554
2015 5554
2016 5554
2017 5554
2018 5554
2019 5554
2020 5554
2021 5554
2022 5554
2023 5554
2024 5554
2025 5554
2026 5554
2027 5554
2028 5554
2029 5554
2030 5554
2031 5554
2032 5554
2033 5554
2034 5554
2035 5554
2036 5554
2037 5554
2038 5554
2039 5554
2040 5554
2041 5554
2042 5554
2043 5554
2044 5554
2045 5554
2046 5554
2047 5554
2048 5554
2049 5554
2050 5554
2051 5554
2052 5554
2053 5554
2054 5554
2055 5554
2056 5554
2057 5554
2058 5554
2059 5554
2060 5554
2061 5554
2062 5554
2063 5554
2064 5554
2065 5554
2066 5554
2067 5554
2068 5554
2069 5554
2070 5554
2071 5554
2072 5554
2073 5554
2074 5554
2075 5554
2076 5554
2077 5554
2078 5554
2079 5554
2080 5554
2081 5554
2082 5554
2083 5554
2084 5554
2085 5554
2086 5554
2087 5554
2088 5554
2089 5554
2090 5554
2091 5554
2092 5554
2093 5554
2094 5554
2095 5554
2096 5554
2097 5554
2098 5554
2099 5554
2100 5554
2101 5554
2102 5554
2103 5554
2104 5554
2105 5554
2106 5554
2107 5554
2108 5554
2109 5554
2110 5554
2111 5554
2112 5554
2113 5554
2114 5554
2115 5554
2116 5554
2117 5554
2118 5554
2119 5554
2120 5554
2121 5554
2122 5554
2123 5554
2124 5554
2125 5554
2126 5554
2127 5554
2128 5554
2129 5554
2130 5554
2131 5554
2132 5554
2133 5554
2134 5554
2135 5554
2136 5554
2137 5554
2138 5554
2139 5554
2140 5554
2141 5554
2142 5554
2143 5554
2144 5554
2145 5554
2146 5554
2147 5554
2148 5554
2149 5554
2150 5554
2151 5554
2152 5554
2153 5554
2154 5554
2155 5554
2156 5554
2157 5554
2158 5554
2159 5554
2160 5554
2161 5554
2162 5554
2163 5554
2164 5554
2165 5554
2166 5554
2167 5554
2168 5554
2169 5554
2170 5554
2171 5554
2172 5554
2173 5554
2174 5554
2175 5554
2176 5554
2177 5554
2178 5554
2179 5554
2180 5554
2181 5554
2182 5554
2183 5554
2184 5554
2185 5554
2186 5554
2187 5554
2188 5554
2189 5554
2190 5554
2191 5554
2192 5554
2193 5554
2194 5554
2195 5554
2196 5554
2197 5554
2198 5554
2199 5554
2200 5554
2201 5554
2202 5554
2203 5554
2204 5554
2205 5554
2206 5554
2207 5554
2208 5554
2209 5554
2210 5554
2211 5554
2212 5554
2213 5554
2214 5554
2215 5554
2216 5554
2217 5554
2218 5554
2219 5554
2220 5554
2221 5554
2222 5554
2223 5554
2224 5554
2225 5554
2226 5554
2227 5554
2228 5554
2229 5554
2230 5554
2231 5554
2232 5554
2233 5554
2234 5554
2235 5554
2236 5554
2237 5554
2238 5554
2239 5554
2240 5554
2241 5554
2242 5554
2243 5554
2244 5554
2245 5554
2246 5554
2247 5554
2248 5554
2249 5554
2250 5554
2251 5554
2252 5554
2253 5554
2254 5554
2255 5554
2256 5554
2257 5554
2258 5554
2259 5554
2260 5554
2261 5554
2262 5554
2263 5554
2264 5554
2265 5554
2266 5554
2267 5554
2268 5554
2269 5554
2270 5554
2271 5554
2272 5554
2273 5554
2274 5554
2275 5554
2276 5554
2277 5554
2278 5554
2279 5554
2280 5554
2281 5554
2282 5554
2283 5554
2284 5554
2285 5554
2286 5554
2287 5554
2288 5554
2289 5554
2290 5554
2291 5554
2292 5554
2293 5554
2294 5554
2295 5554
2296 5554
2297 5554
2298 5554
2299 5554
2300 5554
2301 5554
2302 5554
2303 5554
2304 5554
2305 5554
2306 5554
2307 5554
2308 5554
2309 5554
2310 5554
2311 5554
2312 5554
2313 5554
2314 5554
2315 5554
2316 5554
2317 5554
2318 5554
2319 5554
2320 5554
2321 5554
2322 5554
2323 5554
2324 5554
2325 5554
2326 5554
2327 5554
2328 5554
2329 5554
2330 5554
2331 5554
2332 5554
2333 5554
2334 5554
2335 5554
2336 5554
2337 5554
2338 5554
2339 5554
2340 5554
2341 5554
2342 5554
2343 5554
2344 5554
2345 5554
2346 5554
2347 5554
2348 5554
2349 5554
2350 5554
2351 5554
2352 5554
2353 5554
2354 5554
2355 5554
2356 5554
2357 5554
2358 5554
2359 5554
2360 5554
2361 5554
2362 5554
2363 5554
2364 5554
2365 5554
2366 5554
2367 5554
2368 5554
2369 5554
2370 5554
2371 5554
2372 5554
2373 5554
2374 5554
2375 5554
2376 5554
2377 5554
2378 5554
2379 5554
2380 5554
2381 5554
2382 5554
2383 5554
2384 5554
2385 5554
2386 5554
2387 5554
2388 5554
2389 5554
2390 5554
2391 5554
2392 5554
2393 5554
2394 5554
2395 5554
2396 5554
2397 5554
2398 5554
2399 5554
2400 5554
2401 5554
2402 5554
2403 5554
2404 5554
2405 5554
2406 5554
2407 5554
2408 5554
2409 5554
2410 5554
2411 5554
2412 5554
2413 5554
2414 5554
2415 5554
2416 5554
2417 5554
2418 5554
2419 5554
2420 5554
2421 5554
2422 5554
2423 5554
2424 5554
2425 5554
2426 5554
2427 5554
2428 5554
2429 5554
2430 5554
2431 5554
2432 5554
2433 5554
2434 5554
2435 5554
2436 5554
2437 5554
2438 5554
2439 5554
2440 5554
2441 5554
2442 5554
2443 5554
2444 5554
2445 5554
2446 5554
2447 5554
2448 5554
2449 5554
2450 5554
2451 5554
2452 5554
2453 5554
2454 5554
2455 5554
2456 5554
2457 5554
2458 5554
2459 5554
2460 5554
2461 5554
2462 5554
2463 5554
2464 5554
2465 5554
2466 5554
2467 5554
2468 5554
2469 5554
2470 5554
2471 5554
2472 5554
2473 5554
2474 5554
2475 5554
2476 5554
2477 5554
2478 5554
2479 5554
2480 5554
2481 5554
2482 5554
2483 5554
2484 5554
2485 5554
2486 5554
2487 5554
2488 5554
2489 5554
2490 5554
2491 5554
2492 5554
2493 5554
2494 5554
2495 5554
2496 5554
2497 5554
2498 5554
2499 5554
2500 5554
2501 5554
2502 5554
2503 5554
2504 5554
2505 5554
2506 5554
2507 5554
2508 5554
2509 5554
2510 5554
2511 5554
2512 5554
2513 5554
2514 5554
2515 5554
2516 5554
2517 5554
2518 5554
2519 5554
2520 5554
2521 5554
2522 5554
2523 5554
2524 5554
2525 5554
2526 5554
2527 5554
2528 5554
2529 5554
2530 5554
2531 5554
2532 5554
2533 5554
2534 5554
2535 5554
2536 5554
2537 5554
2538 5554
2539 5554
2540 5554
2541 5554
2542 5554
2543 5554
2544 5554
2545 5554
2546 5554
2547 5554
2548 5554
2549 5554
2550 5554
2551 5554
2552 5554
2553 5554
2554 5554
2555 5554
2556 5554
2557 5554
2558 5554
2559 5554
2560 5554
2561 5554
2562 5554
2563 5554
2564 5554
2565 5554
2566 5554
2567 5554
2568 5554
2569 5554
2570 5554
2571 5554
2572 5554
2573 5554
2574 5554
2575 5554
2576 5554
2577 5554
2578 5554
2579 5554
2580 5554
2581 5554
2582 5554
2583 5554
2584 5554
2585 5554
2586 5554
2587 5554
2588 5554
2589 5554
2590 5554
2591 5554
2592 5554
2593 5554
2594 5554
2595 5554
2596 5554
2597 5554
2598 5554
2599 5554
2600 5554
2601 5554
2602 5554
2603 5554
2604 5554
2605 5554
2606 5554
2607 5554
2608 5554
2609 5554
2610 5554
2611 5554
2612 5554
2613 5554
2614 5554
2615 5554
2616 5554
2617 5554
2618 5554
2619 5554
2620 5554
2621 5554
2622 5554
2623 5554
2624 5554
2625 5554
2626 5554
2627 5554
2628 5554
2629 5554
2630 5554
2631 5554
2632 5554
2633 5554
2634 5554
2635 5554
2636 5554
2637 5554
2638 5554
2639 5554
2640 5554
2641 5554
2642 5554
2643 5554
2644 5554
2645 5554
2646 5554
2647 5554
2648 5554
2649 5554
2650 5554
2651 5554
2652 5554
2653 5554
2654 5554
2655 5554
2656 5554
2657 5554
2658 5554
2659 5554
2660 5554
2661 5554
2662 5554
2663 5554
2664 5554
2665 5554
2666 5554
2667 5554
2668 5554
2669 5554
2670 5554
2671 5554
2672 5554
2673 5554
2674 5554
2675 5554
2676 5554
2677 5554
2678 5554
2679 5554
2680 5554
2681 5554
2682 5554
2683 5554
2684 5554
2685 5554
2686 5554
2687 5554
2688 5554
2689 5554
2690 5554
2691 5554
2692 5554
2693 5554
2694 5554
2695 5554
2696 5554
2697 5554
2698 5554
2699 5554
2700 5554
2701 5554
2702 5554
2703 5554
2704 5554
2705 5554
2706 5554
2707 5554
2708 5554
2709 5554
2710 5554
2711 5554
2712 5554
2713 5554
2714 5554
2715 5554
2716 5554
2717 5554
2718 5554
2719 5554
2720 5554
2721 5554
2722 5554
2723 5554
2724 5554
2725 5554
2726 5554
2727 5554
2728 5554
2729 5554
2730 5554
2731 5554
2732 5554
2733 5554
2734 5554
2735 5554
2736 5554
2737 5554
2738 5554
2739 5554
2740 5554
2741 5554
2742 5554
2743 5554
2744 5554
2745 5554
2746 5554
2747 5554
2748 5554
2749 5554
2750 5554
2751 5554
2752 5554
2753 5554
2754 5554
2755 5554
2756 5554
2757 5554
2758 5554
2759 5554
2760 5554
2761 5554
2762 5554
2763 5554
2764 5554
2765 5554
2766 5554
2767 5554
2768 5554
2769 5554
2770 5554
2771 5554
2772 5554
2773 5554
2774 5554
2775 5554
2776 5554
2777 5554
2778 5554
2779 5554
2780 5554
2781 5554
2782 5554
2783 5554
2784 5554
2785 5554
2786 5554
2787 5554
2788 5554
2789 5554
2790 5554
2791 5554
2792 5554
2793 5554
2794 5554
2795 5554
2796 5554
2797 5554
2798 5554
2799 5554
2800 5554
2801 5554
2802 5554
2803 5554
2804 5554
2805 5554
2806 5554
2807 5554
2808 5554
2809 5554
2810 5554
2811 5554
2812 5554
2813 5554
2814 5554
2815 5554
2816 5554
2817 5554
2818 5554
2819 5554
2820 5554
2821 5554
2822 5554
2823 5554
2824 5554
2825 5554
2826 5554
2827 5554
2828 5554
2829 5554
2830 5554
2831 5554
2832 5554
2833 5554
2834 5554
2835 5554
2836 5554
2837 5554
2838 5554
2839 5554
2840 5554
2841 5554
2842 5554
2843 5554
2844 5554
2845 5554
2846 5554
2847 5554
2848 5554
2849 5554
2850 5554
2851 5554
2852 5554
2853 5554
2854 5554
2855 5554
2856 5554
2857 5554
2858 5554
2859 5554
2860 5554
2861 5554
2862 5554
2863 5554
2864 5554
2865 5554
2866 5554
2867 5554
2868 5554
2869 5554
2870 5554
2871 5554
2872 5554
2873 5554
2874 5554
2875 5554
2876 5554
2877 5554
2878 5554
2879 5554
2880 5554
2881 5554
2882 5554
2883 5554
2884 5554
2885 5554
2886 5554
2887 5554
2888 5554
2889 5554
2890 5554
2891 5554
2892 5554
2893 5554
2894 5554
2895 5554
2896 5554
2897 5554
2898 5554
2899 5554
2900 5554
2901 5554
2902 5554
2903 5554
2904 5554
2905 5554
2906 5554
2907 5554
2908 5554
2909 5554
2910 5554
2911 5554
2912 5554
2913 5554
2914 5554
2915 5554
2916 5554
2917 5554
2918 5554
2919 5554
2920 5554
2921 5554
2922 5554
2923 5554
2924 5554
2925 5554
2926 5554
2927 5554
2928 5554
2929 5554
2930 5554
2931 5554
2932 5554
2933 5554
2934 5554
2935 5554
2936 5554
2937 5554
2938 5554
2939 5554
2940 5554
2941 5554
2942 5554
2943 5554
2944 5554
2945 5554
2946 5554
2947 5554
2948 5554
2949 5554
2950 5554
2951 5554
2952 5554
2953 5554
2954 5554
2955 5554
2956 5554
2957 5554
2958 5554
2959 5554
2960 5554
2961 5554
2962 5554
2963 5554
2964 5554
2965 5554
2966 5554
2967 5554
2968 5554
2969 5554
2970 5554
2971 5554
2972 5554
2973 5554
2974 5554
2975 5554
2976 5554
2977 5554
2978 5554
2979 5554
2980 5554
2981 5554
2982 5554
2983 5554
2984 5554
2985 5554
2986 5554
2987 5554
2988 5554
2989 5554
2990 5554
2991 5554
2992 5554
2993 5554
2994 5554
2995 5554
2996 5554
2997 5554
2998 5554
2999 5554
3000 5554
3001 5554
3002 5554
3003 5554
3004 5554
3005 5554
3006 5554
3007 5554
3008 5554
3009 5554
3010 5554
3011 5554
3012 5554
3013 5554
3014 5554
3015 5554
3016 5554
3017 5554
3018 5554
3019 5554
3020 5554
3021 5554
3022 5554
3023 5554
3024 5554
3025 5554
3026 5554
3027 5554
3028 5554
3029 5554
3030 5554
3031 5554
3032 5554
3033 5554
3034 5554
3035 5554
3036 5554
3037 5554
3038 5554
3039 5554
3040 5554
3041 5554
3042 5554
3043 5554
3044 5554
3045 5554
3046 5554
3047 5554
3048 5554
3049 5554
3050 5554
3051 5554
3052 5554
3053 5554
3054 5554
3055 5554
3056 5554
3057 5554
3058 5554
3059 5554
3060 5554
3061 5554
3062 5554
3063 5554
3064 5554
3065 5554
3066 5554
3067 5554
3068 5554
3069 5554
3070 5554
3071 5554
3072 5554
3073 5554
3074 5554
3075 5554
3076 5554
3077 5554
3078 5554
3079 5554
3080 5554
3081 5554
3082 5554
3083 5554
3084 5554
3085 5554
3086 5554
3087 5554
3088 5554
3089 5554
3090 5554
3091 5554
3092 5554
3093 5554
3094 5554
3095 5554
3096 5554
3097 5554
3098 5554
3099 5554
3100 5554
3101 5554
3102 5554
3103 5554
3104 5554
3105 5554
3106 5554
3107 5554
3108 5554
3109 5554
3110 5554
3111 5554
3112 5554
3113 5554
3114 5554
3115 5554
3116 5554
3117 5554
3118 5554
3119 5554
3120 5554
3121 5554
3122 5554
3123 5554
3124 5554
3125 5554
3126 5554
3127 5554
3128 5554
3129 5554
3130 5554
3131 5554
3132 5554
3133 5554
3134 5554
3135 5554
3136 5554
3137 5554
3138 5554
3139 5554
3140 5554
3141 5554
3142 5554
3143 5554
3144 5554
3145 5554
3146 5554
3147 5554
3148 5554
3149 5554
3150 5554
3151 5554
3152 5554
3153 5554
3154 5554
3155 5554
3156 5554
3157 5554
3158 5554
3159 5554
3160 5554
3161 5554
3162 5554
3163 5554
3164 5554
3165 5554
3166 5554
3167 5554
3168 5554
3169 5554
3170 5554
3171 5554
3172 5554
3173 5554
3174 5554
3175 5554
3176 5554
3177 5554
3178 5554
3179 5554
3180 5554
3181 5554
3182 5554
3183 5554
3184 5554
3185 5554
3186 5554
3187 5554
3188 5554
3189 5554
3190 5554
3191 5554
3192 5554
3193 5554
3194 5554
3195 5554
3196 5554
3197 5554
3198 5554
3199 5554
3200 5554
3201 5554
3202 5554
3203 5554
3204 5554
3205 5554
3206 5554
3207 5554
3208 5554
3209 5554
3210 5554
3211 5554
3212 5554
3213 5554
3214 5554
3215 5554
3216 5554
3217 5554
3218 5554
3219 5554
3220 5554
3221 5554
3222 5554
3223 5554
3224 5554
3225 5554
3226 5554
3227 5554
3228 5554
3229 5554
3230 5554
3231 5554
3232 5554
3233 5554
3234 5554
3235 5554
3236 5554
3237 5554
3238 5554
3239 5554
3240 5554
3241 5554
3242 5554
3243 5554
3244 5554
3245 5554
3246 5554
3247 5554
3248 5554
3249 5554
3250 5554
3251 5554
3252 5554
3253 5554
3254 5554
3255 5554
3256 5554
3257 5554
3258 5554
3259 5554
3260 5554
3261 5554
3262 5554
3263 5554
3264 5554
3265 5554
3266 5554
3267 5554
3268 5554
3269 5554
3270 5554
3271 5554
3272 5554
3273 5554
3274 5554
3275 5554
3276 5554
3277 5554
3278 5554
3279 5554
3280 5554
3281 5554
3282 5554
3283 5554
3284 5554
3285 5554
3286 5554
3287 5554
3288 5554
3289 5554
3290 5554
3291 5554
3292 5554
3293 5554
3294 5554
3295 5554
3296 5554
3297 5554
3298 5554
3299 5554
3300 5554
3301 5554
3302 5554
3303 5554
3304 5554
3305 5554
3306 5554
3307 5554
3308 5554
3309 5554
3310 5554
3311 5554
3312 5554
3313 5554
3314 5554
3315 5554
3316 5554
3317 5554
3318 5554
3319 5554
3320 5554
3321 5554
3322 5554
3323 5554
3324 5554
3325 5554
3326 5554
3327 5554
3328 5554
3329 5554
3330 5554
3331 5554
3332 5554
3333 5554
3334 5554
3335 5554
3336 5554
3337 5554
3338 5554
3339 5554
3340 5554
3341 5554
3342 5554
3343 5554
3344 5554
3345 5554
3346 5554
3347 5554
3348 5554
3349 5554
3350 5554
3351 5554
3352 5554
3353 5554
3354 5554
3355 5554
3356 5554
3357 5554
3358 5554
3359 5554
3360 5554
3361 5554
3362 5554
3363 5554
3364 5554
3365 5554
3366 5554
3367 5554
3368 5554
3369 5554
3370 5554
3371 5554
3372 5554
3373 5554
3374 5554
3375 5554
3376 5554
3377 5554
3378 5554
3379 5554
3380 5554
3381 5554
3382 5554
3383 5554
3384 5554
3385 5554
3386 5554
3387 5554
3388 5554
3389 5554
3390 5554
3391 5554
3392 5554
3393 5554
3394 5554
3395 5554
3396 5554
3397 5554
3398 5554
3399 5554
3400 5554
3401 5554
3402 5554
3403 5554
3404 5554
3405 5554
3406 5554
3407 5554
3408 5554
3409 5554
3410 5554
3411 5554
3412 5554
3413 5554
3414 5554
3415 5554
3416 5554
3417 5554
3418 5554
3419 5554
3420 5554
3421 5554
3422 5554
3423 5554
3424 5554
3425 5554
3426 5554
3427 5554
3428 5554
3429 5554
3430 5554
3431 5554
3432 5554
3433 5554
3434 5554
3435 5554
3436 5554
3437 5554
3438 5554
3439 5554
3440 5554
3441 5554
3442 5554
3443 5554
3444 5554
3445 5554
3446 5554
3447 5554
3448 5554
3449 5554
3450 5554
3451 5554
3452 5554
3453 5554
3454 5554
3455 5554
3456 5554
3457 5554
3458 5554
3459 5554
3460 5554
3461 5554
3462 5554
3463 5554
3464 5554
3465 5554
3466 5554
3467 5554
3468 5554
3469 5554
3470 5554
3471 5554
3472 5554
3473 5554
3474 5554
3475 5554
3476 5554
3477 5554
3478 5554
3479 5554
3480 5554
3481 5554
3482 5554
3483 5554
3484 5554
3485 5554
3486 5554
3487 5554
3488 5554
3489 5554
3490 5554
3491 5554
3492 5554
3493 5554
3494 5554
3495 5554
3496 5554
3497 5554
3498 5554
3499 5554
3500 5554
3501 5554
3502 5554
3503 5554
3504 5554
3505 5554
3506 5554
3507 5554
3508 5554
3509 5554
3510 5554
3511 5554
3512 5554
3513 5554
3514 5554
3515 5554
3516 5554
3517 5554
3518 5554
3519 5554
3520 5554
3521 5554
3522 5554
3523 5554
3524 5554
3525 5554
3526 5554
3527 5554
3528 5554
3529 5554
3530 5554
3531 5554
3532 5554
3533 5554
3534 5554
3535 5554
3536 5554
3537 5554
3538 5554
3539 5554
3540 5554
3541 5554
3542 5554
3543 5554
3544 5554
3545 5554
3546 5554
3547 5554
3548 5554
3549 5554
3550 5554
3551 5554
3552 5554
3553 5554
3554 5554
3555 5554
3556 5554
3557 5554
3558 5554
3559 5554
3560 5554
3561 5554
3562 5554
3563 5554
3564 5554
3565 5554
3566 5554
3567 5554
3568 5554
3569 5554
3570 5554
3571 5554
3572 5554
3573 5554
3574 5554
3575 5554
3576 5554
3577 5554
3578 5554
3579 5554
3580 5554
3581 5554
3582 5554
3583 5554
3584 5554
3585 5554
3586 5554
3587 5554
3588 5554
3589 5554
3590 5554
3591 5554
3592 5554
3593 5554
3594 5554
3595 5554
3596 5554
3597 5554
3598 5554
3599 5554
3600 5554
3601 5554
3602 5554
3603 5554
3604 5554
3605 5554
3606 5554
3607 5554
3608 5554
3609 5554
3610 5554
3611 5554
3612 5554
3613 5554
3614 5554
3615 5554
3616 5554
3617 5554
3618 5554
3619 5554
3620 5554
3621 5554
3622 5554
3623 5554
3624 5554
3625 5554
3626 5554
3627 5554
3628 5554
3629 5554
3630 5554
3631 5554
3632 5554
3633 5554
3634 5554
3635 5554
3636 5554
3637 5554
3638 5554
3639 5554
3640 5554
3641 5554
3642 5554
3643 5554
3644 5554
3645 5554
3646 5554
3647 5554
3648 5554
3649 5554
3650 5554
3651 5554
3652 5554
3653 5554
3654 5554
3655 5554
3656 5554
3657 5554
3658 5554
3659 5554
3660 5554
3661 5554
3662 5554
3663 5554
3664 5554
3665 5554
3666 5554
3667 5554
3668 5554
3669 5554
3670 5554
3671 5554
3672 5554
3673 5554
3674 5554
3675 5554
3676 5554
3677 5554
3678 5554
3679 5554
3680 5554
3681 5554
3682 5554
3683 5554
3684 5554
3685 5554
3686 5554
3687 5554
3688 5554
3689 5554
3690 5554
3691 5554
3692 5554
3693 5554
3694 5554
3695 5554
3696 5554
3697 5554
3698 5554
3699 5554
3700 5554
3701 5554
3702 5554
3703 5554
3704 5554
3705 5554
3706 5554
3707 5554
3708 5554
3709 5554
3710 5554
3711 5554
3712 5554
3713 5554
3714 5554
3715 5554
3716 5554
3717 5554
3718 5554
3719 5554
3720 5554
3721 5554
3722 5554
3723 5554
3724 5554
3725 5554
3726 5554
3727 5554
3728 5554
3729 5554
3730 5554
3731 5554
3732 5554
3733 5554
3734 5554
3735 5554
3736 5554
3737 5554
3738 5554
3739 5554
3740 5554
3741 5554
3742 5554
3743 5554
3744 5554
3745 5554
3746 5554
3747 5554
3748 5554
3749 5554
3750 5554
3751 5554
3752 5554
3753 5554
3754 5554
3755 5554
3756 5554
3757 5554
3758 5554
3759 5554
3760 5554
3761 5554
3762 5554
3763 5554
3764 5554
3765 5554
3766 5554
3767 5554
3768 5554
3769 5554
3770 5554
3771 5554
3772 5554
3773 5554
3774 5554
3775 5554
3776 5554
3777 5554
3778 5554
3779 5554
3780 5554
3781 5554
3782 5554
3783 5554
3784 5554
3785 5554
3786 5554
3787 5554
3788 5554
3789 5554
3790 5554
3791 5554
3792 5554
3793 5554
3794 5554
3795 5554
3796 5554
3797 5554
3798 5554
3799 5554
3800 5554
3801 5554
3802 5554
3803 5554
3804 5554
3805 5554
3806 5554
3807 5554
3808 5554
3809 5554
3810 5554
3811 5554
3812 5554
3813 5554
3814 5554
3815 5554
3816 5554
3817 5554
3818 5554
3819 5554
3820 5554
3821 5554
3822 5554
3823 5554
3824 5554
3825 5554
3826 5554
3827 5554
3828 5554
3829 5554
3830 5554
3831 5554
3832 5554
3833 5554
3834 5554
3835 5554
3836 5554
3837 5554
3838 5554
3839 5554
3840 5554
3841 5554
3842 5554
3843 5554
3844 5554
3845 5554
3846 5554
3847 5554
3848 5554
3849 5554
3850 5554
3851 5554
3852 5554
3853 5554
3854 5554
3855 5554
3856 5554
3857 5554
3858 5554
3859 5554
3860 5554
3861 5554
3862 5554
3863 5554
3864 5554
3865 5554
3866 5554
3867 5554
3868 5554
3869 5554
3870 5554
3871 5554
3872 5554
3873 5554
3874 5554
3875 5554
3876 5554
3877 5554
3878 5554
3879 5554
3880 5554
3881 5554
3882 5554
3883 5554
3884 5554
3885 5554
3886 5554
3887 5554
3888 5554
3889 5554
3890 5554
3891 5554
3892 5554
3893 5554
3894 5554
3895 5554
3896 5554
3897 5554
3898 5554
3899 5554
3900 5554
3901 5554
3902 5554
3903 5554
3904 5554
3905 5554
3906 5554
3907 5554
3908 5554
3909 5554
3910 5554
3911 5554
3912 5554
3913 5554
3914 5554
3915 5554
3916 5554
3917 5554
3918 5554
3919 5554
3920 5554
3921 5554
3922 5554
3923 5554
3924 5554
3925 5554
3926 5554
3927 5554
3928 5554
3929 5554
3930 5554
3931 5554
3932 5554
3933 5554
3934 5554
3935 5554
3936 5554
3937 5554
3938 5554
3939 5554
3940 5554
3941 5554
3942 5554
3943 5554
3944 5554
3945 5554
3946 5554
3947 5554
3948 5554
3949 5554
3950 5554
3951 5554
3952 5554
3953 5554
3954 5554
3955 5554
3956 5554
3957 5554
3958 5554
3959 5554
3960 5554
3961 5554
3962 5554
3963 5554
3964 5554
3965 5554
3966 5554
3967 5554
3968 5554
3969 5554
3970 5554
3971 5554
3972 5554
3973 5554
3974 5554
3975 5554
3976 5554
3977 5554
3978 5554
3979 5554
3980 5554
3981 5554
3982 5554
3983 5554
3984 5554
3985 5554
3986 5554
3987 5554
3988 5554
3989 5554
3990 5554
3991 5554
3992 5554
3993 5554
3994 5554
3995 5554
3996 5554
3997 5554
3998 5554
3999 5554
4000 5554
4001 5554
4002 5554
4003 5554
4004 5554
4005 5554
4006 5554
4007 5554
4008 5554
4009 5554
4010 5554
4011 5554
4012 5554
4013 5554
4014 5554
4015 5554
4016 5554
4017 5554
4018 5554
4019 5554
4020 5554
4021 5554
4022 5554
4023 5554
4024 5554
4025 5554
4026 5554
4027 5554
4028 5554
4029 5554
4030 5554
4031 5554
4032 5554
4033 5554
4034 5554
4035 5554
4036 5554
4037 5554
4038 5554
4039 5554
4040 5554
4041 5554
4042 5554
4043 5554
4044 5554
4045 5554
4046 5554
4047 5554
4048 5554
4049 5554
4050 5554
4051 5554
4052 5554
4053 5554
4054 5554
4055 5554
4056 5554
4057 5554
4058 5554
4059 5554
4060 5554
4061 5554
4062 5554
4063 5554
4064 5554
4065 5554
4066 5554
4067 5554
4068 5554
4069 5554
4070 5554
4071 5554
4072 5554
4073 5554
4074 5554
4075 5554
4076 5554
4077 5554
4078 5554
4079 5554
4080 5554
4081 5554
4082 5554
4083 5554
4084 5554
4085 5554
4086 5554
4087 5554
4088 5554
4089 5554
4090 5554
4091 5554
4092 5554
4093 5554
4094 5554
4095 5554
4096 5554
4097 5554
4098 5554
4099 5554
4100 5554
4101 5554
4102 5554
4103 5554
4104 5554
4105 5554
4106 5554
4107 5554
4108 5554
4109 5554
4110 5554
4111 5554
4112 5554
4113 5554
4114 5554
4115 5554
4116 5554
4117 5554
4118 5554
4119 5554
4120 5554
4121 5554
4122 5554
4123 5554
4124 5554
4125 5554
4126 5554
4127 5554
4128 5554
4129 5554
4130 5554
4131 5554
4132 5554
4133 5554
4134 5554
4135 5554
4136 5554
4137 5554
4138 5554
4139 5554
4140 5554
4141 5554
4142 5554
4143 5554
4144 5554
4145 5554
4146 5554
4147 5554
4148 5554
4149 5554
4150 5554
4151 5554
4152 5554
4153 5554
4154 5554
4155 5554
4156 5554
4157 5554
4158 5554
4159 5554
4160 5554
4161 5554
4162 5554
4163 5554
4164 5554
4165 5554
4166 5554
4167 5554
4168 5554
4169 5554
4170 5554
4171 5554
4172 5554
4173 5554
4174 5554
4175 5554
4176 5554
4177 5554
4178 5554
4179 5554
4180 5554
4181 5554
4182 5554
4183 5554
4184 5554
4185 5554
4186 5554
4187 5554
4188 5554
4189 5554
4190 5554
4191 5554
4192 5554
4193 5554
4194 5554
4195 5554
4196 5554
4197 5554
4198 5554
4199 5554
4200 5554
4201 5554
4202 5554
4203 5554
4204 5554
4205 5554
4206 5554
4207 5554
4208 5554
4209 5554
4210 5554
4211 5554
4212 5554
4213 5554
4214 5554
4215 5554
4216 5554
4217 5554
4218 5554
4219 5554
4220 5554
4221 5554
4222 5554
4223 5554
4224 5554
4225 5554
4226 5554
4227 5554
4228 5554
4229 5554
4230 5554
4231 5554
4232 5554
4233 5554
4234 5554
4235 5554
4236 5554
4237 5554
4238 5554
4239 5554
4240 5554
4241 5554
4242 5554
4243 5554
4244 5554
4245 5554
4246 5554
4247 5554
4248 5554
4249 5554
4250 5554
4251 5554
4252 5554
4253 5554
4254 5554
4255 5554
4256 5554
4257 5554
4258 5554
4259 5554
4260 5554
4261 5554
4262 5554
4263 5554
4264 5554
4265 5554
4266 5554
4267 5554
4268 5554
4269 5554
4270 5554
4271 5554
4272 5554
4273 5554
4274 5554
4275 5554
4276 5554
4277 5554
4278 5554
4279 5554
4280 5554
4281 5554
4282 5554
4283 5554
4284 5554
4285 5554
4286 5554
4287 5554
4288 5554
4289 5554
4290 5554
4291 5554
4292 5554
4293 5554
4294 5554
4295 5554
4296 5554
4297 5554
4298 5554
4299 5554
4300 5554
4301 5554
4302 5554
4303 5554
4304 5554
4305 5554
4306 5554
4307 5554
4308 5554
4309 5554
4310 5554
4311 5554
4312 5554
4313 5554
4314 5554
4315 5554
4316 5554
4317 5554
4318 5554
4319 5554
4320 5554
4321 5554
4322 5554
4323 5554
4324 5554
4325 5554
4326 5554
4327 5554
4328 5554
4329 5554
4330 5554
4331 5554
4332 5554
4333 5554
4334 5554
4335 5554
4336 5554
4337 5554
4338 5554
4339 5554
4340 5554
4341 5554
4342 5554
4343 5554
4344 5554
4345 5554
4346 5554
4347 5554
4348 5554
4349 5554
4350 5554
4351 5554
4352 5554
4353 5554
4354 5554
4355 5554
4356 5554
4357 5554
4358 5554
4359 5554
4360 5554
4361 5554
4362 5554
4363 5554
4364 5554
4365 5554
4366 5554
4367 5554
4368 5554
4369 5554
4370 5554
4371 5554
4372 5554
4373 5554
4374 5554
4375 5554
4376 5554
4377 5554
4378 5554
4379 5554
4380 5554
4381 5554
4382 5554
4383 5554
4384 5554
4385 5554
4386 5554
4387 5554
4388 5554
4389 5554
4390 5554
4391 5554
4392 5554
4393 5554
4394 5554
4395 5554
4396 5554
4397 5554
4398 5554
4399 5554
4400 5554
4401 5554
4402 5554
4403 5554
4404 5554
4405 5554
4406 5554
4407 5554
4408 5554
4409 5554
4410 5554
4411 5554
4412 5554
4413 5554
4414 5554
4415 5554
4416 5554
4417 5554
4418 5554
4419 5554
4420 5554
4421 5554
4422 5554
4423 5554
4424 5554
4425 5554
4426 5554
4427 5554
4428 5554
4429 5554
4430 5554
4431 5554
4432 5554
4433 5554
4434 5554
4435 5554
4436 5554
4437 5554
4438 5554
4439 5554
4440 5554
4441 5554
4442 5554
4443 5554
4444 5554
4445 5554
4446 5554
4447 5554
4448 5554
4449 5554
4450 5554
4451 5554
4452 5554
4453 5554
4454 5554
4455 5554
4456 5554
4457 5554
4458 5554
4459 5554
4460 5554
4461 5554
4462 5554
4463 5554
4464 5554
4465 5554
4466 5554
4467 5554
4468 5554
4469 5554
4470 5554
4471 5554
4472 5554
4473 5554
4474 5554
4475 5554
4476 5554
4477 5554
4478 5554
4479 5554
4480 5554
4481 5554
4482 5554
4483 5554
4484 5554
4485 5554
4486 5554
4487 5554
4488 5554
4489 5554
4490 5554
4491 5554
4492 5554
4493 5554
4494 5554
4495 5554
4496 5554
4497 5554
4498 5554
4499 5554
4500 5554
4501 5554
4502 5554
4503 5554
4504 5554
4505 5554
4506 5554
4507 5554
4508 5554
4509 5554
4510 5554
4511 5554
4512 5554
4513 5554
4514 5554
4515 5554
4516 5554
4517 5554
4518 5554
4519 5554
4520 5554
4521 5554
4522 5554
4523 5554
4524 5554
4525 5554
4526 5554
4527 5554
4528 5554
4529 5554
4530 5554
4531 5554
4532 5554
4533 5554
4534 5554
4535 5554
4536 5554
4537 5554
4538 5554
4539 5554
4540 5554
4541 5554
4542 5554
4543 5554
4544 5554
4545 5554
4546 5554
4547 5554
4548 5554
4549 5554
4550 5554
4551 5554
4552 5554
4553 5554
4554 5554
4555 5554
4556 5554
4557 5554
4558 5554
4559 5554
4560 5554
4561 5554
4562 5554
4563 5554
4564 5554
4565 5554
4566 5554
4567 5554
4568 5554
4569 5554
4570 5554
4571 5554
4572 5554
4573 5554
4574 5554
4575 5554
4576 5554
4577 5554
4578 5554
4579 5554
4580 5554
4581 5554
4582 5554
4583 5554
4584 5554
4585 5554
4586 5554
4587 5554
4588 5554
4589 5554
4590 5554
4591 5554
4592 5554
4593 5554
4594 5554
4595 5554
4596 5554
4597 5554
4598 5554
4599 5554
4600 5554
4601 5554
4602 5554
4603 5554
4604 5554
4605 5554
4606 5554
4607 5554
4608 5554
4609 5554
4610 5554
4611 5554
4612 5554
4613 5554
4614 5554
4615 5554
4616 5554
4617 5554
4618 5554
4619 5554
4620 5554
4621 5554
4622 5554
4623 5554
4624 5554
4625 5554
4626 5554
4627 5554
4628 5554
4629 5554
4630 5554
4631 5554
4632 5554
4633 5554
4634 5554
4635 5554
4636 5554
4637 5554
4638 5554
4639 5554
4640 5554
4641 5554
4642 5554
4643 5554
4644 5554
4645 5554
4646 5554
4647 5554
4648 5554
4649 5554
4650 5554
4651 5554
4652 5554
4653 5554
4654 5554
4655 5554
4656 5554
4657 5554
4658 5554
4659 5554
4660 5554
4661 5554
4662 5554
4663 5554
4664 5554
4665 5554
4666 5554
4667 5554
4668 5554
4669 5554
4670 5554
4671 5554
4672 5554
4673 5554
4674 5554
4675 5554
4676 5554
4677 5554
4678 5554
4679 5554
4680 5554
4681 5554
4682 5554
4683 5554
4684 5554
4685 5554
4686 5554
4687 5554
4688 5554
4689 5554
4690 5554
4691 5554
4692 5554
4693 5554
4694 5554
4695 5554
4696 5554
4697 5554
4698 5554
4699 5554
4700 5554
4701 5554
4702 5554
4703 5554
4704 5554
4705 5554
4706 5554
4707 5554
4708 5554
4709 5554
4710 5554
4711 5554
4712 5554
4713 5554
4714 5554
4715 5554
4716 5554
4717 5554
4718 5554
4719 5554
4720 5554
4721 5554
4722 5554
4723 5554
4724 5554
4725 5554
4726 5554
4727 5554
4728 5554
4729 5554
4730 5554
4731 5554
4732 5554
4733 5554
4734 5554
4735 5554
4736 5554
4737 5554
4738 5554
4739 5554
4740 5554
4741 5554
4742 5554
4743 5554
4744 5554
4745 5554
4746 5554
4747 5554
4748 5554
4749 5554
4750 5554
4751 5554
4752 5554
4753 5554
4754 5554
4755 5554
4756 5554
4757 5554
4758 5554
4759 5554
4760 5554
4761 5554
4762 5554
4763 5554
4764 5554
4765 5554
4766 5554
4767 5554
4768 5554
4769 5554
4770 5554
4771 5554
4772 5554
4773 5554
4774 5554
4775 5554
4776 5554
4777 5554
4778 5554
4779 5554
4780 5554
4781 5554
4782 5554
4783 5554
4784 5554
4785 5554
4786 5554
4787 5554
4788 5554
4789 5554
4790 5554
4791 5554
4792 5554
4793 5554
4794 5554
4795 5554
4796 5554
4797 5554
4798 5554
4799 5554
4800 5554
4801 5554
4802 5554
4803 5554
4804 5554
4805 5554
4806 5554
4807 5554
4808 5554
4809 5554
4810 5554
4811 5554
4812 5554
4813 5554
4814 5554
4815 5554
4816 5554
4817 5554
4818 5554
4819 5554
4820 5554
4821 5554
4822 5554
4823 5554
4824 5554
4825 5554
4826 5554
4827 5554
4828 5554
4829 5554
4830 5554
4831 5554
4832 5554
4833 5554
4834 5554
4835 5554
4836 5554
4837 5554
4838 5554
4839 5554
4840 5554
4841 5554
4842 5554
4843 5554
4844 5554
4845 5554
4846 5554
4847 5554
4848 5554
4849 5554
4850 5554
4851 5554
4852 5554
4853 5554
4854 5554
4855 5554
4856 5554
4857 5554
4858 5554
4859 5554
4860 5554
4861 5554
4862 5554
4863 5554
4864 5554
4865 5554
4866 5554
4867 5554
4868 5554
4869 5554
4870 5554
4871 5554
4872 5554
4873 5554
4874 5554
4875 5554
4876 5554
4877 5554
4878 5554
4879 5554
4880 5554
4881 5554
4882 5554
4883 5554
4884 5554
4885 5554
4886 5554
4887 5554
4888 5554
4889 5554
4890 5554
4891 5554
4892 5554
4893 5554
4894 5554
4895 5554
4896 5554
4897 5554
4898 5554
4899 5554
4900 5554
4901 5554
4902 5554
4903 5554
4904 5554
4905 5554
4906 5554
4907 5554
4908 5554
4909 5554
4910 5554
4911 5554
4912 5554
4913 5554
4914 5554
4915 5554
4916 5554
4917 5554
4918 5554
4919 5554
4920 5554
4921 5554
4922 5554
4923 5554
4924 5554
4925 5554
4926 5554
4927 5554
4928 5554
4929 5554
4930 5554
4931 5554
4932 5554
4933 5554
4934 5554
4935 5554
4936 5554
4937 5554
4938 5554
4939 5554
4940 5554
4941 5554
4942 5554
4943 5554
4944 5554
4945 5554
4946 5554
4947 5554
4948 5554
4949 5554
4950 5554
4951 5554
4952 5554
4953 5554
4954 5554
4955 5554
4956 5554
4957 5554
4958 5554
4959 5554
4960 5554
4961 5554
4962 5554
4963 5554
4964 5554
4965 5554
4966 5554
4967 5554
4968 5554
4969 5554
4970 5554
4971 5554
4972 5554
4973 5554
4974 5554
4975 5554
4976 5554
4977 5554
4978 5554
4979 5554
4980 5554
4981 5554
4982 5554
4983 5554
4984 5554
4985 5554
4986 5554
4987 5554
4988 5554
4989 5554
4990 5554
4991 5554
4992 5554
4993 5554
4994 5554
4995 5554
4996 5554
4997 5554
4998 5554
4999 5554
5000 5554
5001 5554
5002 5554
5003 5554
5004 5554
5005 5554
5006 5554
5007 5554
5008 5554
5009 5554
5010 5554
5011 5554
5012 5554
5013 5554
5014 5554
5015 5554
5016 5554
5017 5554
5018 5554
5019 5554
5020 5554
5021 5554
5022 5554
5023 5554
5024 5554
5025 5554
5026 5554
5027 5554
5028 5554
5029 5554
5030 5554
5031 5554
5032 5554
5033 5554
5034 5554
5035 5554
5036 5554
5037 5554
5038 5554
5039 5554
5040 5554
5041 5554
5042 5554
5043 5554
5044 5554
5045 5554
5046 5554
5047 5554
5048 5554
5049 5554
5050 5554
5051 5554
5052 5554
5053 5554
5054 5554
5055 5554
5056 5554
5057 5554
5058 5554
5059 5554
5060 5554
5061 5554
5062 5554
5063 5554
5064 5554
5065 5554
5066 5554
5067 5554
5068 5554
5069 5554
5070 5554
5071 5554
5072 5554
5073 5554
5074 5554
5075 5554
5076 5554
5077 5554
5078 5554
5079 5554
5080 5554
5081 5554
5082 5554
5083 5554
5084 5554
5085 5554
5086 5554
5087 5554
5088 5554
5089 5554
5090 5554
5091 5554
5092 5554
5093 5554
5094 5554
5095 5554
5096 5554
5097 5554
5098 5554
5099 5554
5100 5554
5101 5554
5102 5554
5103 5554
5104 5554
5105 5554
5106 5554
5107 5554
5108 5554
5109 5554
5110 5554
5111 5554
5112 5554
5113 5554
5114 5554
5115 5554
5116 5554
5117 5554
5118 5554
5119 5554
5120 5554
5121 5554
5122 5554
5123 5554
5124 5554
5125 5554
5126 5554
5127 5554
5128 5554
5129 5554
5130 5554
5131 5554
5132 5554
5133 5554
5134 5554
5135 5554
5136 5554
5137 5554
5138 5554
5139 5554
5140 5554
5141 5554
5142 5554
5143 5554
5144 5554
5145 5554
5146 5554
5147 5554
5148 5554
5149 5554
5150 5554
5151 5554
5152 5554
5153 5554
5154 5554
5155 5554
5156 5554
5157 5554
5158 5554
5159 5554
5160 5554
5161 5554
5162 5554
5163 5554
5164 5554
5165 5554
5166 5554
5167 5554
5168 5554
5169 5554
5170 5554
5171 5554
5172 5554
5173 5554
5174 5554
5175 5554
5176 5554
5177 5554
5178 5554
5179 5554
5180 5554
5181 5554
5182 5554
5183 5554
5184 5554
5185 5554
5186 5554
5187 5554
5188 5554
5189 5554
5190 5554
5191 5554
5192 5554
5193 5554
5194 5554
5195 5554
5196 5554
5197 5554
5198 5554
5199 5554
5200 5554
5201 5554
5202 5554
5203 5554
5204 5554
5205 5554
5206 5554
5207 5554
5208 5554
5209 5554
5210 5554
5211 5554
5212 5554
5213 5554
5214 5554
5215 5554
5216 5554
5217 5554
5218 5554
5219 5554
5220 5554
5221 5554
5222 5554
5223 5554
5224 5554
5225 5554
5226 5554
5227 5554
5228 5554
5229 5554
5230 5554
5231 5554
5232 5554
5233 5554
5234 5554
5235 5554
5236 5554
5237 5554
5238 5554
5239 5554
5240 5554
5241 5554
5242 5554
5243 5554
5244 5554
5245 5554
5246 5554
5247 5554
5248 5554
5249 5554
5250 5554
5251 5554
5252 5554
5253 5554
5254 5554
5255 5554
5256 5554
5257 5554
5258 5554
5259 5554
5260 5554
5261 5554
5262 5554
5263 5554
5264 5554
5265 5554
5266 5554
5267 5554
5268 5554
5269 5554
5270 5554
5271 5554
5272 5554
5273 5554
5274 5554
5275 5554
5276 5554
5277 5554
5278 5554
5279 5554
5280 5554
5281 5554
5282 5554
5283 5554
5284 5554
5285 5554
5286 5554
5287 5554
5288 5554
5289 5554
5290 5554
5291 5554
5292 5554
5293 5554
5294 5554
5295 5554
5296 5554
5297 5554
5298 5554
5299 5554
5300 5554
5301 5554
5302 5554
5303 5554
5304 5554
5305 5554
5306 5554
5307 5554
5308 5554
5309 5554
5310 5554
5311 5554
5312 5554
5313 5554
5314 5554
5315 5554
5316 5554
5317 5554
5318 5554
5319 5554
5320 5554
5321 5554
5322 5554
5323 5554
5324 5554
5325 5554
5326 5554
5327 5554
5328 5554
5329 5554
5330 5554
5331 5554
5332 5554
5333 5554
5334 5554
5335 5554
5336 5554
5337 5554
5338 5554
5339 5554
5340 5554
5341 5554
5342 5554
5343 5554
5344 5554
5345 5554
5346 5554
5347 5554
5348 5554
5349 5554
5350 5554
5351 5554
5352 5554
5353 5554
5354 5554
5355 5554
5356 5554
5357 5554
5358 5554
5359 5554
5360 5554
5361 5554
5362 5554
5363 5554
5364 5554
5365 5554
5366 5554
5367 5554
5368 5554
5369 5554
5370 5554
5371 5554
5372 5554
5373 5554
5374 5554
5375 5554
5376 5554
5377 5554
5378 5554
5379 5554
5380 5554
5381 5554
5382 5554
5383 5554
5384 5554
5385 5554
5386 5554
5387 5554
5388 5554
5389 5554
5390 5554
5391 5554
5392 5554
5393 5554
5394 5554
5395 5554
5396 5554
5397 5554
5398 5554
5399 5554
5400 5554
5401 5554
5402 5554
5403 5554
5404 5554
5405 5554
5406 5554
5407 5554
5408 5554
5409 5554
5410 5554
5411 5554
5412 5554
5413 5554
5414 5554
5415 5554
5416 5554
5417 5554
5418 5554
5419 5554
5420 5554
5421 5554
5422 5554
5423 5554
5424 5554
5425 5554
5426 5554
5427 5554
5428 5554
5429 5554
5430 5554
5431 5554
5432 5554
5433 5554
5434 5554
5435 5554
5436 5554
5437 5554
5438 5554
5439 5554
5440 5554
5441 5554
5442 5554
5443 5554
5444 5554
5445 5554
5446 5554
5447 5554
5448 5554
5449 5554
5450 5554
5451 5554
5452 5554
5453 5554
5454 5554
5455 5554
5456 5554
5457 5554
5458 5554
5459 5554
5460 5554
5461 5554
5462 5554
5463 5554
5464 5554
5465 5554
5466 5554
5467 5554
5468 5554
5469 5554
5470 5554
5471 5554
5472 5554
5473 5554
5474 5554
5475 5554
5476 5554
5477 5554
5478 5554
5479 5554
5480 5554
5481 5554
5482 5554
5483 5554
5484 5554
5485 5554
5486 5554
5487 5554
5488 5554
5489 5554
5490 5554
5491 5554
5492 5554
5493 5554
5494 5554
5495 5554
5496 5554
5497 5554
5498 5554
5499 5554
5500 5554
5501 5554
5502 5554
5503 5554
5504 5554
5505 5554
5506 5554
5507 5554
5508 5554
5509 5554
5510 5554
5511 5554
5512 5554
5513 5554
5514 5554
5515 5554
5516 5554
5517 5554
5518 5554
5519 5554
5520 5554
5521 5554
5522 5554
5523 5554
5524 5554
5525 5554
5526 5554
5527 5554
5528 5554
5529 5554
5530 5554
5531 5554
5532 5554
5533 5554
5534 5554
5535 5554
5536 5554
5537 5554
5538 5554
5539 5554
5540 5554
5541 5554
5542 5554
5543 5554
5544 5554
5545 5554
5546 5554
5547 5554
5548 5554
5549 5554
5550 5554
5551 5554
5552 5554
5553 5554
5554 5554
5555 5554
5556 5554
5557 5554
5558 5554
5559 5554
5560 5554
5561 5554
5562 5554
5563 5554
5564 5554
5565 5554
5566 5554
5567 5554
5568 5554
5569 5554
5570 5554
5571 5554
5572 5554
5573 5554
5574 5554
5575 5554
5576 5554
5577 5554
5578 5554
5579 5554
5580 5554
5581 5554
5582 5554
5583 5554
5584 5554
5585 5554
5586 5554
5587 5554
5588 5554
5589 5554
5590 5554
5591 5554
5592 5554
5593 5554
5594 5554
5595 5554
5596 5554
5597 5554
5598 5554
5599 5554
5600 5554
5601 5554
5602 5554
5603 5554
5604 5554
5605 5554
5606 5554
5607 5554
5608 5554
5609 5554
5610 5554
5611 5554
5612 5554
5613 5554
5614 5554
5615 5554
5616 5554
5617 5554
5618 5554
5619 5554
5620 5554
5621 5554
5622 5554
5623 5554
5624 5554
5625 5554
5626 5554
5627 5554
5628 5554
5629 5554
5630 5554
5631 5554
5632 5554
5633 5554
5634 5554
5635 5554
5636 5554
5637 5554
5638 5554
5639 5554
5640 5554
5641 5554
5642 5554
5643 5554
5644 5554
5645 5554
5646 5554
5647 5554
5648 5554
5649 5554
5650 5554
5651 5554
5652 5554
5653 5554
5654 5554
5655 5554
5656 5554
5657 5554
5658 5554
5659 5554
5660 5554
5661 5554
5662 5554
5663 5554
5664 5554
5665 5554
5666 5554
5667 5554
5668 5554
5669 5554
5670 5554
5671 5554
5672 5554
5673 5554
5674 5554
5675 5554
5676 5554
5677 5554
5678 5554
5679 5554
5680 5554
5681 5554
5682 5554
5683 5554
5684 5554
5685 5554
5686 5554
5687 5554
5688 5554
5689 5554
5690 5554
5691 5554
5692 5554
5693 5554
5694 5554
5695 5554
5696 5554
5697 5554
5698 5554
5699 5554
5700 5554
5701 5554
5702 5554
5703 5554
5704 5554
5705 5554
5706 5554
5707 5554
5708 5554
5709 5554
5710 5554
5711 5554
5712 5554
5713 5554
5714 5554
5715 5554
5716 5554
5717 5554
5718 5554
5719 5554
5720 5554
5721 5554
5722 5554
5723 5554
5724 5554
5725 5554
5726 5554
5727 5554
5728 5554
5729 5554
5730 5554
5731 5554
5732 5554
5733 5554
5734 5554
5735 5554
5736 5554
5737 5554
5738 5554
5739 5554
5740 5554
5741 5554
5742 5554
5743 5554
5744 5554
5745 5554
5746 5554
5747 5554
5748 5554
5749 5554
5750 5554
5751 5554
5752 5554
5753 5554
5754 5554
5755 5554
5756 5554
5757 5554
5758 5554
5759 5554
5760 5554
5761 5554
5762 5554
5763 5554
5764 5554
5765 5554
5766 5554
5767 5554
5768 5554
5769 5554
5770 5554
5771 5554
5772 5554
5773 5554
5774 5554
5775 5554
5776 5554
5777 5554
5778 5554
5779 5554
5780 5554
5781 5554
5782 5554
5783 5554
5784 5554
5785 5554
5786 5554
5787 5554
5788 5554
5789 5554
5790 5554
5791 5554
5792 5554
5793 5554
5794 5554
5795 5554
5796 5554
5797 5554
5798 5554
5799 5554
5800 5554
5801 5554
5802 5554
5803 5554
5804 5554
5805 5554
5806 5554
5807 5554
5808 5554
5809 5554
5810 5554
5811 5554
5812 5554
5813 5554
5814 5554
5815 5554
5816 5554
5817 5554
5818 5554
5819 5554
5820 5554
5821 5554
5822 5554
5823 5554
5824 5554
5825 5554
5826 5554
5827 5554
5828 5554
5829 5554
5830 5554
5831 5554
5832 5554
5833 5554
5834 5554
5835 5554
5836 5554
5837 5554
5838 5554
5839 5554
5840 5554
5841 5554
5842 5554
5843 5554
5844 5554
5845 5554
5846 5554
5847 5554
5848 5554
5849 5554
5850 5554
5851 5554
5852 5554
5853 5554
5854 5554
5855 5554
5856 5554
5857 5554
5858 5554
5859 5554
5860 5554
5861 5554
5862 5554
5863 5554
5864 5554
5865 5554
5866 5554
5867 5554
5868 5554
5869 5554
5870 5554
5871 5554
5872 5554
5873 5554
5874 5554
5875 5554
5876 5554
5877 5554
5878 5554
5879 5554
5880 5554
5881 5554
5882 5554
5883 5554
5884 5554
5885 5554
5886 5554
5887 5554
5888 5554
5889 5554
5890 5554
5891 5554
5892 5554
5893 5554
5894 5554
5895 5554
5896 5554
5897 5554
5898 5554
5899 5554
5900 5554
5901 5554
5902 5554
5903 5554
5904 5554
5905 5554
5906 5554
5907 5554
5908 5554
5909 5554
5910 5554
5911 5554
5912 5554
5913 5554
5914 5554
5915 5554
5916 5554
5917 5554
5918 5554
5919 5554
5920 5554
5921 5554
5922 5554
5923 5554
5924 5554
5925 5554
5926 5554
5927 5554
5928 5554
5929 5554
5930 5554
5931 5554
5932 5554
5933 5554
5934 5554
5935 5554
5936 5554
5937 5554
5938 5554
5939 5554
5940 5554
5941 5554
5942 5554
5943 5554
5944 5554
5945 5554
5946 5554
5947 5554
5948 5554
5949 5554
5950 5554
5951 5554
5952 5554
5953 5554
5954 5554
5955 5554
5956 5554
5957 5554
5958 5554
5959 5554
5960 5554
5961 5554
5962 5554
5963 5554
5964 5554
5965 5554
5966 5554
5967 5554
5968 5554
5969 5554
5970 5554
5971 5554
5972 5554
5973 5554
5974 5554
5975 5554
5976 5554
5977 5554
5978 5554
5979 5554
5980 5554
5981 5554
5982 5554
5983 5554
5984 5554
5985 5554
5986 5554
5987 5554
5988 5554
5989 5554
5990 5554
5991 5554
5992 5554
5993 5554
5994 5554
5995 5554
5996 5554
5997 5554
5998 5554
5999 5554
6000 5554
6001 5554
6002 5554
6003 5554
6004 5554
6005 5554
6006 5554
6007 5554
6008 5554
6009 5554
6010 5554
6011 5554
6012 5554
6013 5554
6014 5554
6015 5554
6016 5554
6017 5554
6018 5554
6019 5554
6020 5554
6021 5554
6022 5554
6023 5554
6024 5554
6025 5554
6026 5554
6027 5554
6028 5554
6029 5554
6030 5554
6031 5554
6032 5554
6033 5554
6034 5554
6035 5554
6036 5554
6037 5554
6038 5554
6039 5554
6040 5554
6041 5554
6042 5554
6043 5554
6044 5554
6045 5554
6046 5554
6047 5554
6048 5554
6049 5554
6050 5554
6051 5554
6052 5554
6053 5554
6054 5554
6055 5554
6056 5554
6057 5554
6058 5554
6059 5554
6060 5554
6061 5554
6062 5554
6063 5554
6064 5554
6065 5554
6066 5554
6067 5554
6068 5554
6069 5554
6070 5554
6071 5554
6072 5554
6073 5554
6074 5554
6075 5554
6076 5554
6077 5554
6078 5554
6079 5554
6080 5554
6081 5554
6082 5554
6083 5554
6084 5554
6085 5554
6086 5554
6087 5554
6088 5554
6089 5554
6090 5554
6091 5554
6092 5554
6093 5554
6094 5554
6095 5554
6096 5554
6097 5554
6098 5554
6099 5554
6100 5554
6101 5554
6102 5554
6103 5554
6104 5554
6105 5554
6106 5554
6107 5554
6108 5554
6109 5554
6110 5554
6111 5554
6112 5554
6113 5554
6114 5554
6115 5554
6116 5554
6117 5554
6118 5554
6119 5554
6120 5554
6121 5554
6122 5554
6123 5554
6124 5554
6125 5554
6126 5554
6127 5554
6128 5554
6129 5554
6130 5554
6131 5554
6132 5554
6133 5554
6134 5554
6135 5554
6136 5554
6137 5554
6138 5554
6139 5554
6140 5554
6141 5554
6142 5554
6143 5554
6144 5554
6145 5554
6146 5554
6147 5554
6148 5554
6149 5554
6150 5554
6151 5554
6152 5554
6153 5554
6154 5554
6155 5554
6156 5554
6157 5554
6158 5554
6159 5554
6160 5554
6161 5554
6162 5554
6163 5554
6164 5554
6165 5554
6166 5554
6167 5554
6168 5554
6169 5554
6170 5554
6171 5554
6172 5554
6173 5554
6174 5554
6175 5554
6176 5554
6177 5554
6178 5554
6179 5554
6180 5554
6181 5554
6182 5554
6183 5554
6184 5554
6185 5554
6186 5554
6187 5554
6188 5554
6189 5554
6190 5554
6191 5554
6192 5554
6193 5554
6194 5554
6195 5554
6196 5554
6197 5554
6198 5554
6199 5554
6200 5554
6201 5554
6202 5554
6203 5554
6204 5554
6205 5554
6206 5554
6207 5554
6208 5554
6209 5554
6210 5554
6211 5554
6212 5554
6213 5554
6214 5554
6215 5554
6216 5554
6217 5554
6218 5554
6219 5554
6220 5554
6221 5554
6222 5554
6223 5554
6224 5554
6225 5554
6226 5554
6227 5554
6228 5554
6229 5554
6230 5554
6231 5554
6232 5554
6233 5554
6234 5554
6235 5554
6236 5554
6237 5554
6238 5554
6239 5554
6240 5554
6241 5554
6242 5554
6243 5554
6244 5554
6245 5554
6246 5554
6247 5554
6248 5554
6249 5554
6250 5554
6251 5554
6252 5554
6253 5554
6254 5554
6255 5554
6256 5554
6257 5554
6258 5554
6259 5554
6260 5554
6261 5554
6262 5554
6263 5554
6264 5554
6265 5554
6266 5554
6267 5554
6268 5554
6269 5554
6270 5554
6271 5554
6272 5554
6273 5554
6274 5554
6275 5554
6276 5554
6277 5554
6278 5554
6279 5554
6280 5554
6281 5554
6282 5554
6283 5554
6284 5554
6285 5554
6286 5554
6287 5554
6288 5554
6289 5554
6290 5554
6291 5554
6292 5554
6293 5554
6294 5554
6295 5554
6296 5554
6297 5554
6298 5554
6299 5554
6300 5554
6301 5554
6302 5554
6303 5554
6304 5554
6305 5554
6306 5554
6307 5554
6308 5554
6309 5554
6310 5554
6311 5554
6312 5554
6313 5554
6314 5554
6315 5554
6316 5554
6317 5554
6318 5554
6319 5554
6320 5554
6321 5554
6322 5554
6323 5554
6324 5554
6325 5554
6326 5554
6327 5554
6328 5554
6329 5554
6330 5554
6331 5554
6332 5554
6333 5554
6334 5554
6335 5554
6336 5554
6337 5554
6338 5554
6339 5554
6340 5554
6341 5554
6342 5554
6343 5554
6344 5554
6345 5554
6346 5554
6347 5554
6348 5554
6349 5554
6350 5554
6351 5554
6352 5554
6353 5554
6354 5554
6355 5554
6356 5554
6357 5554
6358 5554
6359 5554
6360 5554
6361 5554
6362 5554
6363 5554
6364 5554
6365 5554
6366 5554
6367 5554
6368 5554
6369 5554
6370 5554
6371 5554
6372 5554
6373 5554
6374 5554
6375 5554
6376 5554
6377 5554
6378 5554
6379 5554
6380 5554
6381 5554
6382 5554
6383 5554
6384 5554
6385 5554
6386 5554
6387 5554
6388 5554
6389 5554
6390 5554
6391 5554
6392 5554
6393 5554
6394 5554
6395 5554
6396 5554
6397 5554
6398 5554
6399 5554
6400 5554
6401 5554
6402 5554
6403 5554
6404 5554
6405 5554
6406 5554
6407 5554
6408 5554
6409 5554
6410 5554
6411 5554
6412 5554
6413 5554
6414 5554
6415 5554
6416 5554
6417 5554
6418 5554
6419 5554
6420 5554
6421 5554
6422 5554
6423 5554
6424 5554
6425 5554
6426 5554
6427 5554
6428 5554
6429 5554
6430 5554
6431 5554
6432 5554
6433 5554
6434 5554
6435 5554
6436 5554
6437 5554
6438 5554
6439 5554
6440 5554
6441 5554
6442 5554
6443 5554
6444 5554
6445 5554
6446 5554
6447 5554
6448 5554
6449 5554
6450 5554
6451 5554
6452 5554
6453 5554
6454 5554
6455 5554
6456 5554
6457 5554
6458 5554
6459 5554
6460 5554
6461 5554
6462 5554
6463 5554
6464 5554
6465 5554
6466 5554
6467 5554
6468 5554
6469 5554
6470 5554
6471 5554
6472 5554
6473 5554
6474 5554
6475 5554
6476 5554
6477 5554
6478 5554
6479 5554
6480 5554
6481 5554
6482 5554
6483 5554
6484 5554
6485 5554
6486 5554
6487 5554
6488 5554
6489 5554
6490 5554
6491 5554
6492 5554
6493 5554
6494 5554
6495 5554
6496 5554
6497 5554
6498 5554
6499 5554
6500 5554
6501 5554
6502 5554
6503 5554
6504 5554
6505 5554
6506 5554
6507 5554
6508 5554
6509 5554
6510 5554
6511 5554
6512 5554
6513 5554
6514 5554
6515 5554
6516 5554
6517 5554
6518 5554
6519 5554
6520 5554
6521 5554
6522 5554
6523 5554
6524 5554
6525 5554
6526 5554
6527 5554
6528 5554
6529 5554
6530 5554
6531 5554
6532 5554
6533 5554
6534 5554
6535 5554
6536 5554
6537 5554
6538 5554
6539 5554
6540 5554
6541 5554
6542 5554
6543 5554
6544 5554
6545 5554
6546 5554
6547 5554
6548 5554
6549 5554
6550 5554
6551 5554
6552 5554
6553 5554
6554 5554
6555 5554
6556 5554
6557 5554
6558 5554
6559 5554
6560 5554
6561 5554
6562 5554
6563 5554
6564 5554
6565 5554
6566 5554
6567 5554
6568 5554
6569 5554
6570 5554
6571 5554
6572 5554
6573 5554
6574 5554
6575 5554
6576 5554
6577 5554
6578 5554
6579 5554
6580 5554
6581 5554
6582 5554
6583 5554
6584 5554
6585 5554
6586 5554
6587 5554
6588 5554
6589 5554
6590 5554
6591 5554
6592 5554
6593 5554
6594 5554
6595 5554
6596 5554
6597 5554
6598 5554
6599 5554
6600 5554
6601 5554
6602 5554
6603 5554
6604 5554
6605 5554
6606 5554
6607 5554
6608 5554
6609 5554
6610 5554
6611 5554
6612 5554
6613 5554
6614 5554
6615 5554
6616 5554
6617 5554
6618 5554
6619 5554
6620 5554
6621 5554
6622 5554
6623 5554
6624 5554
6625 5554
6626 5554
6627 5554
6628 5554
6629 5554
6630 5554
6631 5554
6632 5554
6633 5554
6634 5554
6635 5554
6636 5554
6637 5554
6638 5554
6639 5554
6640 5554
6641 5554
6642 5554
6643 5554
6644 5554
6645 5554
6646 5554
6647 5554
6648 5554
6649 5554
6650 5554
6651 5554
6652 5554
6653 5554
6654 5554
6655 5554
6656 5554
6657 5554
6658 5554
6659 5554
6660 5554
6661 5554
6662 5554
6663 5554
6664 5554
6665 5554
6666 5554
6667 5554
6668 5554
6669 5554
6670 5554
6671 5554
6672 5554
6673 5554
6674 5554
6675 5554
6676 5554
6677 5554
6678 5554
6679 5554
6680 5554
6681 5554
6682 5554
6683 5554
6684 5554
6685 5554
6686 5554
6687 5554
6688 5554
6689 5554
6690 5554
6691 5554
6692 5554
6693 5554
6694 5554
6695 5554
6696 5554
6697 5554
6698 5554
6699 5554
6700 5554
6701 5554
6702 5554
6703 5554
6704 5554
6705 5554
6706 5554
6707 5554
6708 5554
6709 5554
6710 5554
6711 5554
6712 5554
6713 5554
6714 5554
6715 5554
6716 5554
6717 5554
6718 5554
6719 5554
6720 5554
6721 5554
6722 5554
6723 5554
6724 5554
6725 5554
6726 5554
6727 5554
6728 5554
6729 5554
6730 5554
6731 5554
6732 5554
6733 5554
6734 5554
6735 5554
6736 5554
6737 5554
6738 5554
6739 5554
6740 5554
6741 5554
6742 5554
6743 5554
6744 5554
6745 5554
6746 5554
6747 5554
6748 5554
6749 5554
6750 5554
6751 5554
6752 5554
6753 5554
6754 5554
6755 5554
6756 5554
6757 5554
6758 5554
6759 5554
6760 5554
6761 5554
6762 5554
6763 5554
6764 5554
6765 5554
6766 5554
6767 5554
6768 5554
6769 5554
6770 5554
6771 5554
6772 5554
6773 5554
6774 5554
6775 5554
6776 5554
6777 5554
6778 5554
6779 5554
6780 5554
6781 5554
6782 5554
6783 5554
6784 5554
6785 5554
6786 5554
6787 5554
6788 5554
6789 5554
6790 5554
6791 5554
6792 5554
6793 5554
6794 5554
6795 5554
6796 5554
6797 5554
6798 5554
6799 5554
6800 5554
6801 5554
6802 5554
6803 5554
6804 5554
6805 5554
6806 5554
6807 5554
6808 5554
6809 5554
6810 5554
6811 5554
6812 5554
6813 5554
6814 5554
6815 5554
6816 5554
6817 5554
6818 5554
6819 5554
6820 5554
6821 5554
6822 5554
6823 5554
6824 5554
6825 5554
6826 5554
6827 5554
6828 5554
6829 5554
6830 5554
6831 5554
6832 5554
6833 5554
6834 5554
6835 5554
6836 5554
6837 5554
6838 5554
6839 5554
6840 5554
6841 5554
6842 5554
6843 5554
6844 5554
6845 5554
6846 5554
6847 5554
6848 5554
6849 5554
6850 5554
6851 5554
6852 5554
6853 5554
6854 5554
6855 5554
6856 5554
6857 5554
6858 5554
6859 5554
6860 5554
6861 5554
6862 5554
6863 5554
6864 5554
6865 5554
6866 5554
6867 5554
6868 5554
6869 5554
6870 5554
6871 5554
6872 5554
6873 5554
6874 5554
6875 5554
6876 5554
6877 5554
6878 5554
6879 5554
6880 5554
6881 5554
6882 5554
6883 5554
6884 5554
6885 5554
6886 5554
6887 5554
6888 5554
6889 5554
6890 5554
6891 5554
6892 5554
6893 5554
6894 5554
6895 5554
6896 5554
6897 5554
6898 5554
6899 5554
6900 5554
6901 5554
6902 5554
6903 5554
6904 5554
6905 5554
6906 5554
6907 5554
6908 5554
6909 5554
6910 5554
6911 5554
6912 5554
6913 5554
6914 5554
6915 5554
6916 5554
6917 5554
6918 5554
6919 5554
6920 5554
6921 5554
6922 5554
6923 5554
6924 5554
6925 5554
6926 5554
6927 5554
6928 5554
6929 5554
6930 5554
6931 5554
6932 5554
6933 5554
6934 5554
6935 5554
6936 5554
6937 5554
6938 5554
6939 5554
6940 5554
6941 5554
6942 5554
6943 5554
6944 5554
6945 5554
6946 5554
6947 5554
6948 5554
6949 5554
6950 5554
6951 5554
6952 5554
6953 5554
6954 5554
6955 5554
6956 5554
6957 5554
6958 5554
6959 5554
6960 5554
6961 5554
6962 5554
6963 5554
6964 5554
6965 5554
6966 5554
6967 5554
6968 5554
6969 5554
6970 5554
6971 5554
6972 5554
6973 5554
6974 5554
6975 5554
6976 5554
6977 5554
6978 5554
6979 5554
6980 5554
6981 5554
6982 5554
6983 5554
6984 5554
6985 5554
6986 5554
6987 5554
6988 5554
6989 5554
6990 5554
6991 5554
6992 5554
6993 5554
6994 5554
6995 5554
6996 5554
6997 5554
6998 5554
6999 5554
7000 5554
7001 5554
7002 5554
7003 5554
7004 5554
7005 5554
7006 5554
7007 5554
7008 5554
7009 5554
7010 5554
7011 5554
7012 5554
7013 5554
7014 5554
7015 5554
7016 5554
7017 5554
7018 5554
7019 5554
7020 5554
7021 5554
7022 5554
7023 5554
7024 5554
7025 5554
7026 5554
7027 5554
7028 5554
7029 5554
7030 5554
7031 5554
7032 5554
7033 5554
7034 5554
7035 5554
7036 5554
7037 5554
7038 5554
7039 5554
7040 5554
7041 5554
7042 5554
7043 5554
7044 5554
7045 5554
7046 5554
7047 5554
7048 5554
7049 5554
7050 5554
7051 5554
7052 5554
7053 5554
7054 5554
7055 5554
7056 5554
7057 5554
7058 5554
7059 5554
7060 5554
7061 5554
7062 5554
7063 5554
7064 5554
7065 5554
7066 5554
7067 5554
7068 5554
7069 5554
7070 5554
7071 5554
7072 5554
7073 5554
7074 5554
7075 5554
7076 5554
7077 5554
7078 5554
7079 5554
7080 5554
7081 5554
7082 5554
7083 5554
7084 5554
7085 5554
7086 5554
7087 5554
7088 5554
7089 5554
7090 5554
7091 5554
7092 5554
7093 5554
7094 5554
7095 5554
7096 5554
7097 5554
7098 5554
7099 5554
7100 5554
7101 5554
7102 5554
7103 5554
7104 5554
7105 5554
7106 5554
7107 5554
7108 5554
7109 5554
7110 5554
7111 5554
7112 5554
7113 5554
7114 5554
7115 5554
7116 5554
7117 5554
7118 5554
7119 5554
7120 5554
7121 5554
7122 5554
7123 5554
7124 5554
7125 5554
7126 5554
7127 5554
7128 5554
7129 5554
7130 5554
7131 5554
7132 5554
7133 5554
7134 5554
7135 5554
7136 5554
7137 5554
7138 5554
7139 5554
7140 5554
7141 5554
7142 5554
7143 5554
7144 5554
7145 5554
7146 5554
7147 5554
7148 5554
7149 5554
7150 5554
7151 5554
7152 5554
7153 5554
7154 5554
7155 5554
7156 5554
7157 5554
7158 5554
7159 5554
7160 5554
7161 5554
7162 5554
7163 5554
7164 5554
7165 5554
7166 5554
7167 5554
7168 5554
7169 5554
7170 5554
7171 5554
7172 5554
7173 5554
7174 5554
7175 5554
7176 5554
7177 5554
7178 5554
7179 5554
7180 5554
7181 5554
7182 5554
7183 5554
7184 5554
7185 5554
7186 5554
7187 5554
7188 5554
7189 5554
7190 5554
7191 5554
7192 5554
7193 5554
7194 5554
7195 5554
7196 5554
7197 5554
7198 5554
7199 5554
7200 5554
7201 5554
7202 5554
7203 5554
7204 5554
7205 5554
7206 5554
7207 5554
7208 5554
7209 5554
7210 5554
7211 5554
7212 5554
7213 5554
7214 5554
7215 5554
7216 5554
7217 5554
7218 5554
7219 5554
7220 5554
7221 5554
7222 5554
7223 5554
7224 5554
7225 5554
7226 5554
7227 5554
7228 5554
7229 5554
7230 5554
7231 5554
7232 5554
7233 5554
7234 5554
7235 5554
7236 5554
7237 5554
7238 5554
7239 5554
7240 5554
7241 5554
7242 5554
7243 5554
7244 5554
7245 5554
7246 5554
7247 5554
7248 5554
7249 5554
7250 5554
7251 5554
7252 5554
7253 5554
7254 5554
7255 5554
7256 5554
7257 5554
7258 5554
7259 5554
7260 5554
7261 5554
7262 5554
7263 5554
7264 5554
7265 5554
7266 5554
7267 5554
7268 5554
7269 5554
7270 5554
7271 5554
7272 5554
7273 5554
7274 5554
7275 5554
7276 5554
7277 5554
7278 5554
7279 5554
7280 5554
7281 5554
7282 5554
7283 5554
7284 5554
7285 5554
7286 5554
7287 5554
7288 5554
7289 5554
7290 5554
7291 5554
7292 5554
7293 5554
7294 5554
7295 5554
7296 5554
7297 5554
7298 5554
7299 5554
7300 5554
7301 5554
7302 5554
7303 5554
7304 5554
7305 5554
7306 5554
7307 5554
7308 5554
7309 5554
7310 5554
7311 5554
7312 5554
7313 5554
7314 5554
7315 5554
7316 5554
7317 5554
7318 5554
7319 5554
7320 5554
7321 5554
7322 5554
7323 5554
7324 5554
7325 5554
7326 5554
7327 5554
7328 5554
7329 5554
7330 5554
7331 5554
7332 5554
7333 5554
7334 5554
7335 5554
7336 5554
7337 5554
7338 5554
7339 5554
7340 5554
7341 5554
7342 5554
7343 5554
7344 5554
7345 5554
7346 5554
7347 5554
7348 5554
7349 5554
7350 5554
7351 5554
7352 5554
7353 5554
7354 5554
7355 5554
7356 5554
7357 5554
7358 5554
7359 5554
7360 5554
7361 5554
7362 5554
7363 5554
7364 5554
7365 5554
7366 5554
7367 5554
7368 5554
7369 5554
7370 5554
7371 5554
7372 5554
7373 5554
7374 5554
7375 5554
7376 5554
7377 5554
7378 5554
7379 5554
7380 5554
7381 5554
7382 5554
7383 5554
7384 5554
7385 5554
7386 5554
7387 5554
7388 5554
7389 5554
7390 5554
7391 5554
7392 5554
7393 5554
7394 5554
7395 5554
7396 5554
7397 5554
7398 5554
7399 5554
7400 5554
7401 5554
7402 5554
7403 5554
7404 5554
7405 5554
7406 5554
7407 5554
7408 5554
7409 5554
7410 5554
7411 5554
7412 5554
7413 5554
7414 5554
7415 5554
7416 5554
7417 5554
7418 5554
7419 5554
7420 5554
7421 5554
7422 5554
7423 5554
7424 5554
7425 5554
7426 5554
7427 5554
7428 5554
7429 5554
7430 5554
7431 5554
7432 5554
7433 5554
7434 5554
7435 5554
7436 5554
7437 5554
7438 5554
7439 5554
7440 5554
7441 5554
7442 5554
7443 5554
7444 5554
7445 5554
7446 5554
7447 5554
7448 5554
7449 5554
7450 5554
7451 5554
7452 5554
7453 5554
7454 5554
7455 5554
7456 5554
7457 5554
7458 5554
7459 5554
7460 5554
7461 5554
7462 5554
7463 5554
7464 5554
7465 5554
7466 5554
7467 5554
7468 5554
7469 5554
7470 5554
7471 5554
7472 5554
7473 5554
7474 5554
7475 5554
7476 5554
7477 5554
7478 5554
7479 5554
7480 5554
7481 5554
7482 5554
7483 5554
7484 5554
7485 5554
7486 5554
7487 5554
7488 5554
7489 5554
7490 5554
7491 5554
7492 5554
7493 5554
7494 5554
7495 5554
7496 5554
7497 5554
7498 5554
7499 5554
7500 5554
7501 5554
7502 5554
7503 5554
7504 5554
7505 5554
7506 5554
7507 5554
7508 5554
7509 5554
7510 5554
7511 5554
7512 5554
7513 5554
7514 5554
7515 5554
7516 5554
7517 5554
7518 5554
7519 5554
7520 5554
7521 5554
7522 5554
7523 5554
7524 5554
7525 5554
7526 5554
7527 5554
7528 5554
7529 5554
7530 5554
7531 5554
7532 5554
7533 5554
7534 5554
7535 5554
7536 5554
7537 5554
7538 5554
7539 5554
7540 5554
7541 5554
7542 5554
7543 5554
7544 5554
7545 5554
7546 5554
7547 5554
7548 5554
7549 5554
7550 5554
7551 5554
7552 5554
7553 5554
7554 5554
7555 5554
7556 5554
7557 5554
7558 5554
7559 5554
7560 5554
7561 5554
7562 5554
7563 5554
7564 5554
7565 5554
7566 5554
7567 5554
7568 5554
7569 5554
7570 5554
7571 5554
7572 5554
7573 5554
7574 5554
7575 5554
7576 5554
7577 5554
7578 5554
7579 5554
7580 5554
7581 5554
7582 5554
7583 5554
7584 5554
7585 5554
7586 5554
7587 5554
7588 5554
7589 5554
7590 5554
7591 5554
7592 5554
7593 5554
7594 5554
7595 5554
7596 5554
7597 5554
7598 5554
7599 5554
7600 5554
7601 5554
7602 5554
7603 5554
7604 5554
7605 5554
7606 5554
7607 5554
7608 5554
7609 5554
7610 5554
7611 5554
7612 5554
7613 5554
7614 5554
7615 5554
7616 5554
7617 5554
7618 5554
7619 5554
7620 5554
7621 5554
7622 5554
7623 5554
7624 5554
7625 5554
7626 5554
7627 5554
7628 5554
7629 5554
7630 5554
7631 5554
7632 5554
7633 5554
7634 5554
7635 5554
7636 5554
7637 5554
7638 5554
7639 5554
7640 5554
7641 5554
7642 5554
7643 5554
7644 5554
7645 5554
7646 5554
7647 5554
7648 5554
7649 5554
7650 5554
7651 5554
7652 5554
7653 5554
7654 5554
7655 5554
7656 5554
7657 5554
7658 5554
7659 5554
7660 5554
7661 5554
7662 5554
7663 5554
7664 5554
7665 5554
7666 5554
7667 5554
7668 5554
7669 5554
7670 5554
7671 5554
7672 5554
7673 5554
7674 5554
7675 5554
7676 5554
7677 5554
7678 5554
7679 5554
7680 5554
7681 5554
7682 5554
7683 5554
7684 5554
7685 5554
7686 5554
7687 5554
7688 5554
7689 5554
7690 5554
7691 5554
7692 5554
7693 5554
7694 5554
7695 5554
7696 5554
7697 5554
7698 5554
7699 5554
7700 5554
7701 5554
7702 5554
7703 5554
7704 5554
7705 5554
7706 5554
7707 5554
7708 5554
7709 5554
7710 5554
7711 5554
7712 5554
7713 5554
7714 5554
7715 5554
7716 5554
7717 5554
7718 5554
7719 5554
7720 5554
7721 5554
7722 5554
7723 5554
7724 5554
7725 5554
7726 5554
7727 5554
7728 5554
7729 5554
7730 5554
7731 5554
7732 5554
7733 5554
7734 5554
7735 5554
7736 5554
7737 5554
7738 5554
7739 5554
7740 5554
7741 5554
7742 5554
7743 5554
7744 5554
7745 5554
7746 5554
7747 5554
7748 5554
7749 5554
7750 5554
7751 5554
7752 5554
7753 5554
7754 5554
7755 5554
7756 5554
7757 5554
7758 5554
7759 5554
7760 5554
7761 5554
7762 5554
7763 5554
7764 5554
7765 5554
7766 5554
7767 5554
7768 5554
7769 5554
7770 5554
7771 5554
7772 5554
7773 5554
7774 5554
7775 5554
7776 5554
7777 5554
7778 5554
7779 5554
7780 5554
7781 5554
7782 5554
7783 5554
7784 5554
7785 5554
7786 5554
7787 5554
7788 5554
7789 5554
7790 5554
7791 5554
7792 5554
7793 5554
7794 5554
7795 5554
7796 5554
7797 5554
7798 5554
7799 5554
7800 5554
7801 5554
7802 5554
7803 5554
7804 5554
7805 5554
7806 5554
7807 5554
7808 5554
7809 5554
7810 5554
7811 5554
7812 5554
7813 5554
7814 5554
7815 5554
7816 5554
7817 5554
7818 5554
7819 5554
7820 5554
7821 5554
7822 5554
7823 5554
7824 5554
7825 5554
7826 5554
7827 5554
7828 5554
7829 5554
7830 5554
7831 5554
7832 5554
7833 5554
7834 5554
7835 5554
7836 5554
7837 5554
7838 5554
7839 5554
7840 5554
7841 5554
7842 5554
7843 5554
7844 5554
7845 5554
7846 5554
7847 5554
7848 5554
7849 5554
7850 5554
7851 5554
7852 5554
7853 5554
7854 5554
7855 5554
7856 5554
7857 5554
7858 5554
7859 5554
7860 5554
7861 5554
7862 5554
7863 5554
7864 5554
7865 5554
7866 5554
7867 5554
7868 5554
7869 5554
7870 5554
7871 5554
7872 5554
7873 5554
7874 5554
7875 5554
7876 5554
7877 5554
7878 5554
7879 5554
7880 5554
7881 5554
7882 5554
7883 5554
7884 5554
7885 5554
7886 5554
7887 5554
7888 5554
7889 5554
7890 5554
7891 5554
7892 5554
7893 5554
7894 5554
7895 5554
7896 5554
7897 5554
7898 5554
7899 5554
7900 5554
7901 5554
7902 5554
7903 5554
7904 5554
7905 5554
7906 5554
7907 5554
7908 5554
7909 5554
7910 5554
7911 5554
7912 5554
7913 5554
7914 5554
7915 5554
7916 5554
7917 5554
7918 5554
7919 5554
7920 5554
7921 5554
7922 5554
7923 5554
7924 5554
7925 5554
7926 5554
7927 5554
7928 5554
7929 5554
7930 5554
7931 5554
7932 5554
7933 5554
7934 5554
7935 5554
7936 5554
7937 5554
7938 5554
7939 5554
7940 5554
7941 5554
7942 5554
7943 5554
7944 5554
7945 5554
7946 5554
7947 5554
7948 5554
7949 5554
7950 5554
7951 5554
7952 5554
7953 5554
7954 5554
7955 5554
7956 5554
7957 5554
7958 5554
7959 5554
7960 5554
7961 5554
7962 5554
7963 5554
7964 5554
7965 5554
7966 5554
7967 5554
7968 5554
7969 5554
7970 5554
7971 5554
7972 5554
7973 5554
7974 5554
7975 5554
7976 5554
7977 5554
7978 5554
7979 5554
7980 5554
7981 5554
7982 5554
7983 5554
7984 5554
7985 5554
7986 5554
7987 5554
7988 5554
7989 5554
7990 5554
7991 5554
7992 5554
7993 5554
7994 5554
7995 5554
7996 5554
7997 5554
7998 5554
7999 5554
8000 5554
8001 5554
8002 5554
8003 5554
8004 5554
8005 5554
8006 5554
8007 5554
8008 5554
8009 5554
8010 5554
8011 5554
8012 5554
8013 5554
8014 5554
8015 5554
8016 5554
8017 5554
8018 5554
8019 5554
8020 5554
8021 5554
8022 5554
8023 5554
8024 5554
8025 5554
8026 5554
8027 5554
8028 5554
8029 5554
8030 5554
8031 5554
8032 5554
8033 5554
8034 5554
8035 5554
8036 5554
8037 5554
8038 5554
8039 5554
8040 5554
8041 5554
8042 5554
8043 5554
8044 5554
8045 5554
8046 5554
8047 5554
8048 5554
8049 5554
8050 5554
8051 5554
8052 5554
8053 5554
8054 5554
8055 5554
8056 5554
8057 5554
8058 5554
8059 5554
8060 5554
8061 5554
8062 5554
8063 5554
8064 5554
8065 5554
8066 5554
8067 5554
8068 5554
8069 5554
8070 5554
8071 5554
8072 5554
8073 5554
8074 5554
8075 5554
8076 5554
8077 5554
8078 5554
8079 5554
8080 5554
8081 5554
8082 5554
8083 5554
8084 5554
8085 5554
8086 5554
8087 5554
8088 5554
8089 5554
8090 5554
8091 5554
8092 5554
8093 5554
8094 5554
8095 5554
8096 5554
8097 5554
8098 5554
8099 5554
8100 5554
8101 5554
8102 5554
8103 5554
8104 5554
8105 5554
8106 5554
8107 5554
8108 5554
8109 5554
8110 5554
8111 5554
8112 5554
8113 5554
8114 5554
8115 5554
8116 5554
8117 5554
8118 5554
8119 5554
8120 5554
8121 5554
8122 5554
8123 5554
8124 5554
8125 5554
8126 5554
8127 5554
8128 5554
8129 5554
8130 5554
8131 5554
8132 5554
8133 5554
8134 5554
8135 5554
8136 5554
8137 5554
8138 5554
8139 5554
8140 5554
8141 5554
8142 5554
8143 5554
8144 5554
8145 5554
8146 5554
8147 5554
8148 5554
8149 5554
8150 5554
8151 5554
8152 5554
8153 5554
8154 5554
8155 5554
8156 5554
8157 5554
8158 5554
8159 5554
8160 5554
8161 5554
8162 5554
8163 5554
8164 5554
8165 5554
8166 5554
8167 5554
8168 5554
8169 5554
8170 5554
8171 5554
8172 5554
8173 5554
8174 5554
8175 5554
8176 5554
8177 5554
8178 5554
8179 5554
8180 5554
8181 5554
8182 5554
8183 5554
8184 5554
8185 5554
8186 5554
8187 5554
8188 5554
8189 5554
8190 5554
8191 5554
8192 5554
8193 5554
8194 5554
8195 5554
8196 5554
8197 5554
8198 5554
8199 5554
8200 5554
8201 5554
8202 5554
8203 5554
8204 5554
8205 5554
8206 5554
8207 5554
8208 5554
8209 5554
8210 5554
8211 5554
8212 5554
8213 5554
8214 5554
8215 5554
8216 5554
8217 5554
8218 5554
8219 5554
8220 5554
8221 5554
8222 5554
8223 5554
8224 5554
8225 5554
8226 5554
8227 5554
8228 5554
8229 5554
8230 5554
8231 5554
8232 5554
8233 5554
8234 5554
8235 5554
8236 5554
8237 5554
8238 5554
8239 5554
8240 5554
8241 5554
8242 5554
8243 5554
8244 5554
8245 5554
8246 5554
8247 5554
8248 5554
8249 5554
8250 5554
8251 5554
8252 5554
8253 5554
8254 5554
8255 5554
8256 5554
8257 5554
8258 5554
8259 5554
8260 5554
8261 5554
8262 5554
8263 5554
8264 5554
8265 5554
8266 5554
8267 5554
8268 5554
8269 5554
8270 5554
8271 5554
8272 5554
8273 5554
8274 5554
8275 5554
8276 5554
8277 5554
8278 5554
8279 5554
8280 5554
8281 5554
8282 5554
8283 5554
8284 5554
8285 5554
8286 5554
8287 5554
8288 5554
8289 5554
8290 5554
8291 5554
8292 5554
8293 5554
8294 5554
8295 5554
8296 5554
8297 5554
8298 5554
8299 5554
8300 5554
8301 5554
8302 5554
8303 5554
8304 5554
8305 5554
8306 5554
8307 5554
8308 5554
8309 5554
8310 5554
8311 5554
8312 5554
8313 5554
8314 5554
8315 5554
8316 5554
8317 5554
8318 5554
8319 5554
8320 5554
8321 5554
8322 5554
8323 5554
8324 5554
8325 5554
8326 5554
8327 5554
8328 5554
8329 5554
8330 5554
8331 5554
8332 5554
8333 5554
8334 5554
8335 5554
8336 5554
8337 5554
8338 5554
8339 5554
8340 5554
8341 5554
8342 5554
8343 5554
8344 5554
8345 5554
8346 5554
8347 5554
8348 5554
8349 5554
8350 5554
8351 5554
8352 5554
8353 5554
8354 5554
8355 5554
8356 5554
8357 5554
8358 5554
8359 5554
8360 5554
8361 5554
8362 5554
8363 5554
8364 5554
8365 5554
8366 5554
8367 5554
8368 5554
8369 5554
8370 5554
8371 5554
8372 5554
8373 5554
8374 5554
8375 5554
8376 5554
8377 5554
8378 5554
8379 5554
8380 5554
8381 5554
8382 5554
8383 5554
8384 5554
8385 5554
8386 5554
8387 5554
8388 5554
8389 5554
8390 5554
8391 5554
8392 5554
8393 5554
8394 5554
8395 5554
8396 5554
8397 5554
8398 5554
8399 5554
8400 5554
8401 5554
8402 5554
8403 5554
8404 5554
8405 5554
8406 5554
8407 5554
8408 5554
8409 5554
8410 5554
8411 5554
8412 5554
8413 5554
8414 5554
8415 5554
8416 5554
8417 5554
8418 5554
8419 5554
8420 5554
8421 5554
8422 5554
8423 5554
8424 5554
8425 5554
8426 5554
8427 5554
8428 5554
8429 5554
8430 5554
8431 5554
8432 5554
8433 5554
8434 5554
8435 5554
8436 5554
8437 5554
8438 5554
8439 5554
8440 5554
8441 5554
8442 5554
8443 5554
8444 5554
8445 5554
8446 5554
8447 5554
8448 5554
8449 5554
8450 5554
8451 5554
8452 5554
8453 5554
8454 5554
8455 5554
8456 5554
8457 5554
8458 5554
8459 5554
8460 5554
8461 5554
8462 5554
8463 5554
8464 5554
8465 5554
8466 5554
8467 5554
8468 5554
8469 5554
8470 5554
8471 5554
8472 5554
8473 5554
8474 5554
8475 5554
8476 5554
8477 5554
8478 5554
8479 5554
8480 5554
8481 5554
8482 5554
8483 5554
8484 5554
8485 5554
8486 5554
8487 5554
8488 5554
8489 5554
8490 5554
8491 5554
8492 5554
8493 5554
8494 5554
8495 5554
8496 5554
8497 5554
8498 5554
8499 5554
8500 5554
8501 5554
8502 5554
8503 5554
8504 5554
8505 5554
8506 5554
8507 5554
8508 5554
8509 5554
8510 5554
8511 5554
8512 5554
8513 5554
8514 5554
8515 5554
8516 5554
8517 5554
8518 5554
8519 5554
8520 5554
8521 5554
8522 5554
8523 5554
8524 5554
8525 5554
8526 5554
8527 5554
8528 5554
8529 5554
8530 5554
8531 5554
8532 5554
8533 5554
8534 5554
8535 5554
8536 5554
8537 5554
8538 5554
8539 5554
8540 5554
8541 5554
8542 5554
8543 5554
8544 5554
8545 5554
8546 5554
8547 5554
8548 5554
8549 5554
8550 5554
8551 5554
8552 5554
8553 5554
8554 5554
8555 5554
8556 5554
8557 5554
8558 5554
8559 5554
8560 5554
8561 5554
8562 5554
8563 5554
8564 5554
8565 5554
8566 5554
8567 5554
8568 5554
8569 5554
8570 5554
8571 5554
8572 5554
8573 5554
8574 5554
8575 5554
8576 5554
8577 5554
8578 5554
8579 5554
8580 5554
8581 5554
8582 5554
8583 5554
8584 5554
8585 5554
8586 5554
8587 5554
8588 5554
8589 5554
8590 5554
8591 5554
8592 5554
8593 5554
8594 5554
8595 5554
8596 5554
8597 5554
8598 5554
8599 5554
8600 5554
8601 5554
8602 5554
8603 5554
8604 5554
8605 5554
8606 5554
8607 5554
8608 5554
8609 5554
8610 5554
8611 5554
8612 5554
8613 5554
8614 5554
8615 5554
8616 5554
8617 5554
8618 5554
8619 5554
8620 5554
8621 5554
8622 5554
8623 5554
8624 5554
8625 5554
8626 5554
8627 5554
8628 5554
8629 5554
8630 5554
8631 5554
8632 5554
8633 5554
8634 5554
8635 5554
8636 5554
8637 5554
8638 5554
8639 5554
8640 5554
8641 5554
8642 5554
8643 5554
8644 5554
8645 5554
8646 5554
8647 5554
8648 5554
8649 5554
8650 5554
8651 5554
8652 5554
8653 5554
8654 5554
8655 5554
8656 5554
8657 5554
8658 5554
8659 5554
8660 5554
8661 5554
8662 5554
8663 5554
8664 5554
8665 5554
8666 5554
8667 5554
8668 5554
8669 5554
8670 5554
8671 5554
8672 5554
8673 5554
8674 5554
8675 5554
8676 5554
8677 5554
8678 5554
8679 5554
8680 5554
8681 5554
8682 5554
8683 5554
8684 5554
8685 5554
8686 5554
8687 5554
8688 5554
8689 5554
8690 5554
8691 5554
8692 5554
8693 5554
8694 5554
8695 5554
8696 5554
8697 5554
8698 5554
8699 5554
8700 5554
8701 5554
8702 5554
8703 5554
8704 5554
8705 5554
8706 5554
8707 5554
8708 5554
8709 5554
8710 5554
8711 5554
8712 5554
8713 5554
8714 5554
8715 5554
8716 5554
8717 5554
8718 5554
8719 5554
8720 5554
8721 5554
8722 5554
8723 5554
8724 5554
8725 5554
8726 5554
8727 5554
8728 5554
8729 5554
8730 5554
8731 5554
8732 5554
8733 5554
8734 5554
8735 5554
8736 5554
8737 5554
8738 5554
8739 5554
8740 5554
8741 5554
8742 5554
8743 5554
8744 5554
8745 5554
8746 5554
8747 5554
8748 5554
8749 5554
8750 5554
8751 5554
8752 5554
8753 5554
8754 5554
8755 5554
8756 5554
8757 5554
8758 5554
8759 5554
8760 5554
8761 5554
8762 5554
8763 5554
8764 5554
8765 5554
8766 5554
8767 5554
8768 5554
8769 5554
8770 5554
8771 5554
8772 5554
8773 5554
8774 5554
8775 5554
8776 5554
8777 5554
8778 5554
8779 5554
8780 5554
8781 5554
8782 5554
8783 5554
8784 5554
8785 5554
8786 5554
8787 5554
8788 5554
8789 5554
8790 5554
8791 5554
8792 5554
8793 5554
8794 5554
8795 5554
8796 5554
8797 5554
8798 5554
8799 5554
8800 5554
8801 5554
8802 5554
8803 5554
8804 5554
8805 5554
8806 5554
8807 5554
8808 5554
8809 5554
8810 5554
8811 5554
8812 5554
8813 5554
8814 5554
8815 5554
8816 5554
8817 5554
8818 5554
8819 5554
8820 5554
8821 5554
8822 5554
8823 5554
8824 5554
8825 5554
8826 5554
8827 5554
8828 5554
8829 5554
8830 5554
8831 5554
8832 5554
8833 5554
8834 5554
8835 5554
8836 5554
8837 5554
8838 5554
8839 5554
8840 5554
8841 5554
8842 5554
8843 5554
8844 5554
8845 5554
8846 5554
8847 5554
8848 5554
8849 5554
8850 5554
8851 5554
8852 5554
8853 5554
8854 5554
8855 5554
8856 5554
8857 5554
8858 5554
8859 5554
8860 5554
8861 5554
8862 5554
8863 5554
8864 5554
8865 5554
8866 5554
8867 5554
8868 5554
8869 5554
8870 5554
8871 5554
8872 5554
8873 5554
8874 5554
8875 5554
8876 5554
8877 5554
8878 5554
8879 5554
8880 5554
8881 5554
8882 5554
8883 5554
8884 5554
8885 5554
8886 5554
8887 5554
8888 5554
8889 5554
8890 5554
8891 5554
8892 5554
8893 5554
8894 5554
8895 5554
8896 5554
8897 5554
8898 5554
8899 5554
8900 5554
8901 5554
8902 5554
8903 5554
8904 5554
8905 5554
8906 5554
8907 5554
8908 5554
8909 5554
8910 5554
8911 5554
8912 5554
8913 5554
8914 5554
8915 5554
8916 5554
8917 5554
8918 5554
8919 5554
8920 5554
8921 5554
8922 5554
8923 5554
8924 5554
8925 5554
8926 5554
8927 5554
8928 5554
8929 5554
8930 5554
8931 5554
8932 5554
8933 5554
8934 5554
8935 5554
8936 5554
8937 5554
8938 5554
8939 5554
8940 5554
8941 5554
8942 5554
8943 5554
8944 5554
8945 5554
8946 5554
8947 5554
8948 5554
8949 5554
8950 5554
8951 5554
8952 5554
8953 5554
8954 5554
8955 5554
8956 5554
8957 5554
8958 5554
8959 5554
8960 5554
8961 5554
8962 5554
8963 5554
8964 5554
8965 5554
8966 5554
8967 5554
8968 5554
8969 5554
8970 5554
8971 5554
8972 5554
8973 5554
8974 5554
8975 5554
8976 5554
8977 5554
8978 5554
8979 5554
8980 5554
8981 5554
8982 5554
8983 5554
8984 5554
8985 5554
8986 5554
8987 5554
8988 5554
8989 5554
8990 5554
8991 5554
8992 5554
8993 5554
8994 5554
8995 5554
8996 5554
8997 5554
8998 5554
8999 5554
9000 5554
9001 5554
9002 5554
9003 5554
9004 5554
9005 5554
9006 5554
9007 5554
9008 5554
9009 5554
9010 5554
9011 5554
9012 5554
9013 5554
9014 5554
9015 5554
9016 5554
9017 5554
9018 5554
9019 5554
9020 5554
9021 5554
9022 5554
9023 5554
9024 5554
9025 5554
9026 5554
9027 5554
9028 5554
9029 5554
9030 5554
9031 5554
9032 5554
9033 5554
9034 5554
9035 5554
9036 5554
9037 5554
9038 5554
9039 5554
9040 5554
9041 5554
9042 5554
9043 5554
9044 5554
9045 5554
9046 5554
9047 5554
9048 5554
9049 5554
9050 5554
9051 5554
9052 5554
9053 5554
9054 5554
9055 5554
9056 5554
9057 5554
9058 5554
9059 5554
9060 5554
9061 5554
9062 5554
9063 5554
9064 5554
9065 5554
9066 5554
9067 5554
9068 5554
9069 5554
9070 5554
9071 5554
9072 5554
9073 5554
9074 5554
9075 5554
9076 5554
9077 5554
9078 5554
9079 5554
9080 5554
9081 5554
9082 5554
9083 5554
9084 5554
9085 5554
9086 5554
9087 5554
9088 5554
9089 5554
9090 5554
9091 5554
9092 5554
9093 5554
9094 5554
9095 5554
9096 5554
9097 5554
9098 5554
9099 5554
9100 5554
9101 5554
9102 5554
9103 5554
9104 5554
9105 5554
9106 5554
9107 5554
9108 5554
9109 5554
9110 5554
9111 5554
9112 5554
9113 5554
9114 5554
9115 5554
9116 5554
9117 5554
9118 5554
9119 5554
9120 5554
9121 5554
9122 5554
9123 5554
9124 5554
9125 5554
9126 5554
9127 5554
9128 5554
9129 5554
9130 5554
9131 5554
9132 5554
9133 5554
9134 5554
9135 5554
9136 5554
9137 5554
9138 5554
9139 5554
9140 5554
9141 5554
9142 5554
9143 5554
9144 5554
9145 5554
9146 5554
9147 5554
9148 5554
9149 5554
9150 5554
9151 5554
9152 5554
9153 5554
9154 5554
9155 5554
9156 5554
9157 5554
9158 5554
9159 5554
9160 5554
9161 5554
9162 5554
9163 5554
9164 5554
9165 5554
9166 5554
9167 5554
9168 5554
9169 5554
9170 5554
9171 5554
9172 5554
9173 5554
9174 5554
9175 5554
9176 5554
9177 5554
9178 5554
9179 5554
9180 5554
9181 5554
9182 5554
9183 5554
9184 5554
9185 5554
9186 5554
9187 5554
9188 5554
9189 5554
9190 5554
9191 5554
9192 5554
9193 5554
9194 5554
9195 5554
9196 5554
9197 5554
9198 5554
9199 5554
9200 5554
9201 5554
9202 5554
9203 5554
9204 5554
9205 5554
9206 5554
9207 5554
9208 5554
9209 5554
9210 5554
9211 5554
9212 5554
9213 5554
9214 5554
9215 5554
9216 5554
9217 5554
9218 5554
9219 5554
9220 5554
9221 5554
9222 5554
9223 5554
9224 5554
9225 5554
9226 5554
9227 5554
9228 5554
9229 5554
9230 5554
9231 5554
9232 5554
9233 5554
9234 5554
9235 5554
9236 5554
9237 5554
9238 5554
9239 5554
9240 5554
9241 5554
9242 5554
9243 5554
9244 5554
9245 5554
9246 5554
9247 5554
9248 5554
9249 5554
9250 5554
9251 5554
9252 5554
9253 5554
9254 5554
9255 5554
9256 5554
9257 5554
9258 5554
9259 5554
9260 5554
9261 5554
9262 5554
9263 5554
9264 5554
9265 5554
9266 5554
9267 5554
9268 5554
9269 5554
9270 5554
9271 5554
9272 5554
9273 5554
9274 5554
9275 5554
9276 5554
9277 5554
9278 5554
9279 5554
9280 5554
9281 5554
9282 5554
9283 5554
9284 5554
9285 5554
9286 5554
9287 5554
9288 5554
9289 5554
9290 5554
9291 5554
9292 5554
9293 5554
9294 5554
9295 5554
9296 5554
9297 5554
9298 5554
9299 5554
9300 5554
9301 5554
9302 5554
9303 5554
9304 5554
9305 5554
9306 5554
9307 5554
9308 5554
9309 5554
9310 5554
9311 5554
9312 5554
9313 5554
9314 5554
9315 5554
9316 5554
9317 5554
9318 5554
9319 5554
9320 5554
9321 5554
9322 5554
9323 5554
9324 5554
9325 5554
9326 5554
9327 5554
9328 5554
9329 5554
9330 5554
9331 5554
9332 5554
9333 5554
9334 5554
9335 5554
9336 5554
9337 5554
9338 5554
9339 5554
9340 5554
9341 5554
9342 5554
9343 5554
9344 5554
9345 5554
9346 5554
9347 5554
9348 5554
9349 5554
9350 5554
9351 5554
9352 5554
9353 5554
9354 5554
9355 5554
9356 5554
9357 5554
9358 5554
9359 5554
9360 5554
9361 5554
9362 5554
9363 5554
9364 5554
9365 5554
9366 5554
9367 5554
9368 5554
9369 5554
9370 5554
9371 5554
9372 5554
9373 5554
9374 5554
9375 5554
9376 5554
9377 5554
9378 5554
9379 5554
9380 5554
9381 5554
9382 5554
9383 5554
9384 5554
9385 5554
9386 5554
9387 5554
9388 5554
9389 5554
9390 5554
9391 5554
9392 5554
9393 5554
9394 5554
9395 5554
9396 5554
9397 5554
9398 5554
9399 5554
9400 5554
9401 5554
9402 5554
9403 5554
9404 5554
9405 5554
9406 5554
9407 5554
9408 5554
9409 5554
9410 5554
9411 5554
9412 5554
9413 5554
9414 5554
9415 5554
9416 5554
9417 5554
9418 5554
9419 5554
9420 5554
9421 5554
9422 5554
9423 5554
9424 5554
9425 5554
9426 5554
9427 5554
9428 5554
9429 5554
9430 5554
9431 5554
9432 5554
9433 5554
9434 5554
9435 5554
9436 5554
9437 5554
9438 5554
9439 5554
9440 5554
9441 5554
9442 5554
9443 5554
9444 5554
9445 5554
9446 5554
9447 5554
9448 5554
9449 5554
9450 5554
9451 5554
9452 5554
9453 5554
9454 5554
9455 5554
9456 5554
9457 5554
9458 5554
9459 5554
9460 5554
9461 5554
9462 5554
9463 5554
9464 5554
9465 5554
9466 5554
9467 5554
9468 5554
9469 5554
9470 5554
9471 5554
9472 5554
9473 5554
9474 5554
9475 5554
9476 5554
9477 5554
9478 5554
9479 5554
9480 5554
9481 5554
9482 5554
9483 5554
9484 5554
9485 5554
9486 5554
9487 5554
9488 5554
9489 5554
9490 5554
9491 5554
9492 5554
9493 5554
9494 5554
9495 5554
9496 5554
9497 5554
9498 5554
9499 5554
9500 5554
9501 5554
9502 5554
9503 5554
9504 5554
9505 5554
9506 5554
9507 5554
9508 5554
9509 5554
9510 5554
9511 5554
9512 5554
9513 5554
9514 5554
9515 5554
9516 5554
9517 5554
9518 5554
9519 5554
9520 5554
9521 5554
9522 5554
9523 5554
9524 5554
9525 5554
9526 5554
9527 5554
9528 5554
9529 5554
9530 5554
9531 5554
9532 5554
9533 5554
9534 5554
9535 5554
9536 5554
9537 5554
9538 5554
9539 5554
9540 5554
9541 5554
9542 5554
9543 5554
9544 5554
9545 5554
9546 5554
9547 5554
9548 5554
9549 5554
9550 5554
9551 5554
9552 5554
9553 5554
9554 5554
9555 5554
9556 5554
9557 5554
9558 5554
9559 5554
9560 5554
9561 5554
9562 5554
9563 5554
9564 5554
9565 5554
9566 5554
9567 5554
9568 5554
9569 5554
9570 5554
9571 5554
9572 5554
9573 5554
9574 5554
9575 5554
9576 5554
9577 5554
9578 5554
9579 5554
9580 5554
9581 5554
9582 5554
9583 5554
9584 5554
9585 5554
9586 5554
9587 5554
9588 5554
9589 5554
9590 5554
9591 5554
9592 5554
9593 5554
9594 5554
9595 5554
9596 5554
9597 5554
9598 5554
9599 5554
9600 5554
9601 5554
9602 5554
9603 5554
9604 5554
9605 5554
9606 5554
9607 5554
9608 5554
9609 5554
9610 5554
9611 5554
9612 5554
9613 5554
9614 5554
9615 5554
9616 5554
9617 5554
9618 5554
9619 5554
9620 5554
9621 5554
9622 5554
9623 5554
9624 5554
9625 5554
9626 5554
9627 5554
9628 5554
9629 5554
9630 5554
9631 5554
9632 5554
9633 5554
9634 5554
9635 5554
9636 5554
9637 5554
9638 5554
9639 5554
9640 5554
9641 5554
9642 5554
9643 5554
9644 5554
9645 5554
9646 5554
9647 5554
9648 5554
9649 5554
9650 5554
9651 5554
9652 5554
9653 5554
9654 5554
9655 5554
9656 5554
9657 5554
9658 5554
9659 5554
9660 5554
9661 5554
9662 5554
9663 5554
9664 5554
9665 5554
9666 5554
9667 5554
9668 5554
9669 5554
9670 5554
9671 5554
9672 5554
9673 5554
9674 5554
9675 5554
9676 5554
9677 5554
9678 5554
9679 5554
9680 5554
9681 5554
9682 5554
9683 5554
9684 5554
9685 5554
9686 5554
9687 5554
9688 5554
9689 5554
9690 5554
9691 5554
9692 5554
9693 5554
9694 5554
9695 5554
9696 5554
9697 5554
9698 5554
9699 5554
9700 5554
9701 5554
9702 5554
9703 5554
9704 5554
9705 5554
9706 5554
9707 5554
9708 5554
9709 5554
9710 5554
9711 5554
9712 5554
9713 5554
9714 5554
9715 5554
9716 5554
9717 5554
9718 5554
9719 5554
9720 5554
9721 5554
9722 5554
9723 5554
9724 5554
9725 5554
9726 5554
9727 5554
9728 5554
9729 5554
9730 5554
9731 5554
9732 5554
9733 5554
9734 5554
9735 5554
9736 5554
9737 5554
9738 5554
9739 5554
9740 5554
9741 5554
9742 5554
9743 5554
9744 5554
9745 5554
9746 5554
9747 5554
9748 5554
9749 5554
9750 5554
9751 5554
9752 5554
9753 5554
9754 5554
9755 5554
9756 5554
9757 5554
9758 5554
9759 5554
9760 5554
9761 5554
9762 5554
9763 5554
9764 5554
9765 5554
9766 5554
9767 5554
9768 5554
9769 5554
9770 5554
9771 5554
9772 5554
9773 5554
9774 5554
9775 5554
9776 5554
9777 5554
9778 5554
9779 5554
9780 5554
9781 5554
9782 5554
9783 5554
9784 5554
9785 5554
9786 5554
9787 5554
9788 5554
9789 5554
9790 5554
9791 5554
9792 5554
9793 5554
9794 5554
9795 5554
9796 5554
9797 5554
9798 5554
9799 5554
9800 5554
9801 5554
9802 5554
9803 5554
9804 5554
9805 5554
9806 5554
9807 5554
9808 5554
9809 5554
9810 5554
9811 5554
9812 5554
9813 5554
9814 5554
9815 5554
9816 5554
9817 5554
9818 5554
9819 5554
9820 5554
9821 5554
9822 5554
9823 5554
9824 5554
9825 5554
9826 5554
9827 5554
9828 5554
9829 5554
9830 5554
9831 5554
9832 5554
9833 5554
9834 5554
9835 5554
9836 5554
9837 5554
9838 5554
9839 5554
9840 5554
9841 5554
9842 5554
9843 5554
9844 5554
9845 5554
9846 5554
9847 5554
9848 5554
9849 5554
9850 5554
9851 5554
9852 5554
9853 5554
9854 5554
9855 5554
9856 5554
9857 5554
9858 5554
9859 5554
9860 5554
9861 5554
9862 5554
9863 5554
9864 5554
9865 5554
9866 5554
9867 5554
9868 5554
9869 5554
9870 5554
9871 5554
9872 5554
9873 5554
9874 5554
9875 5554
9876 5554
9877 5554
9878 5554
9879 5554
9880 5554
9881 5554
9882 5554
9883 5554
9884 5554
9885 5554
9886 5554
9887 5554
9888 5554
9889 5554
9890 5554
9891 5554
9892 5554
9893 5554
9894 5554
9895 5554
9896 5554
9897 5554
9898 5554
9899 5554
9900 5554
9901 5554
9902 5554
9903 5554
9904 5554
9905 5554
9906 5554
9907 5554
9908 5554
9909 5554
9910 5554
9911 5554
9912 5554
9913 5554
9914 5554
9915 5554
9916 5554
9917 5554
9918 5554
9919 5554
9920 5554
9921 5554
9922 5554
9923 5554
9924 5554
9925 5554
9926 5554
9927 5554
9928 5554
9929 5554
9930 5554
9931 5554
9932 5554
9933 5554
9934 5554
9935 5554
9936 5554
9937 5554
9938 5554
9939 5554
9940 5554
9941 5554
9942 5554
9943 5554
9944 5554
9945 5554
9946 5554
9947 5554
9948 5554
9949 5554
9950 5554
9951 5554
9952 5554
9953 5554
9954 5554
9955 5554
9956 5554
9957 5554
9958 5554
9959 5554
9960 5554
9961 5554
9962 5554
9963 5554
9964 5554
9965 5554
9966 5554
9967 5554
9968 5554
9969 5554
9970 5554
9971 5554
9972 5554
9973 5554
9974 5554
9975 5554
9976 5554
9977 5554
9978 5554
9979 5554
9980 5554
9981 5554
9982 5554
9983 5554
9984 5554
9985 5554
9986 5554
9987 5554
9988 5554
9989 5554
9990 5554
9991 5554
9992 5554
9993 5554
9994 5554
9995 5554
9996 5554
9997 5554
9998 5554
9999 5554
10000 5554
10001 5554
10002 5554
10003 5554
10004 5554
10005 5554
10006 5554
10007 5554
10008 5554
10009 5554
10010 5554
