1 5212
2 5226
3 5226
4 5247
5 5374
6 5374
7 5374
8 5374
9 5374
10 5374
11 5374
12 5374
13 5374
14 5374
15 5374
16 5374
17 5374
18 5374
19 5374
20 5374
21 5374
22 5374
23 5374
24 5374
25 5411
26 5411
27 5411
28 5411
29 5411
30 5411
31 5411
32 5411
33 5411
34 5411
35 5425
36 5425
37 5425
38 5425
39 5425
40 5425
41 5425
42 5425
43 5425
44 5425
45 5426
46 5426
47 5426
48 5426
49 5426
50 5426
51 5426
52 5426
53 5426
54 5426
55 5426
56 5426
57 5426
58 5426
59 5426
60 5426
61 5426
62 5426
63 5426
64 5426
65 5426
66 5426
67 5426
68 5426
69 5426
70 5426
71 5426
72 5426
73 5426
74 5426
75 5426
76 5426
77 5426
78 5426
79 5426
80 5426
81 5426
82 5426
83 5426
84 5426
85 5426
86 5426
87 5426
88 5426
89 5426
90 5426
91 5426
92 5426
93 5426
94 5426
95 5426
96 5426
97 5426
98 5426
99 5426
100 5426
101 5426
102 5426
103 5426
104 5426
105 5426
106 5426
107 5426
108 5426
109 5426
110 5426
111 5426
112 5426
113 5426
114 5426
115 5426
116 5426
117 5426
118 5426
119 5426
120 5426
121 5426
122 5426
123 5426
124 5426
125 5426
126 5426
127 5426
128 5426
129 5426
130 5426
131 5426
132 5426
133 5426
134 5426
135 5426
136 5426
137 5426
138 5426
139 5426
140 5426
141 5426
142 5426
143 5426
144 5426
145 5426
146 5426
147 5426
148 5426
149 5426
150 5426
151 5426
152 5426
153 5426
154 5426
155 5435
156 5435
157 5435
158 5435
159 5435
160 5435
161 5435
162 5435
163 5435
164 5435
165 5435
166 5435
167 5435
168 5435
169 5435
170 5435
171 5435
172 5435
173 5435
174 5435
175 5435
176 5435
177 5435
178 5435
179 5435
180 5435
181 5435
182 5435
183 5435
184 5435
185 5435
186 5435
187 5435
188 5435
189 5435
190 5435
191 5435
192 5435
193 5435
194 5435
195 5435
196 5435
197 5435
198 5435
199 5435
200 5435
201 5435
202 5435
203 5435
204 5435
205 5435
206 5435
207 5435
208 5435
209 5435
210 5435
211 5435
212 5435
213 5435
214 5435
215 5435
216 5435
217 5435
218 5435
219 5435
220 5435
221 5435
222 5435
223 5435
224 5435
225 5435
226 5435
227 5435
228 5435
229 5435
230 5435
231 5435
232 5435
233 5435
234 5435
235 5435
236 5435
237 5435
238 5435
239 5435
240 5435
241 5435
242 5435
243 5435
244 5435
245 5435
246 5435
247 5435
248 5435
249 5435
250 5435
251 5435
252 5435
253 5435
254 5435
255 5435
256 5435
257 5435
258 5435
259 5435
260 5435
261 5435
262 5435
263 5435
264 5435
265 5456
266 5456
267 5456
268 5456
269 5456
270 5456
271 5456
272 5456
273 5456
274 5456
275 5456
276 5456
277 5456
278 5456
279 5456
280 5456
281 5456
282 5456
283 5456
284 5456
285 5456
286 5456
287 5456
288 5456
289 5456
290 5456
291 5456
292 5456
293 5456
294 5456
295 5456
296 5456
297 5456
298 5456
299 5456
300 5456
301 5456
302 5456
303 5456
304 5456
305 5456
306 5456
307 5456
308 5456
309 5456
310 5456
311 5456
312 5456
313 5456
314 5456
315 5456
316 5456
317 5456
318 5456
319 5456
320 5456
321 5456
322 5456
323 5456
324 5456
325 5456
326 5456
327 5456
328 5456
329 5456
330 5456
331 5456
332 5456
333 5456
334 5456
335 5456
336 5456
337 5456
338 5456
339 5456
340 5456
341 5456
342 5456
343 5456
344 5456
345 5456
346 5456
347 5456
348 5456
349 5456
350 5456
351 5456
352 5456
353 5456
354 5456
355 5456
356 5456
357 5456
358 5456
359 5456
360 5456
361 5456
362 5456
363 5456
364 5456
365 5456
366 5456
367 5456
368 5456
369 5456
370 5456
371 5456
372 5456
373 5456
374 5456
375 5456
376 5456
377 5456
378 5456
379 5456
380 5456
381 5456
382 5456
383 5456
384 5456
385 5456
386 5456
387 5456
388 5456
389 5456
390 5456
391 5456
392 5456
393 5456
394 5456
395 5456
396 5456
397 5456
398 5456
399 5456
400 5456
401 5456
402 5456
403 5456
404 5456
405 5456
406 5456
407 5456
408 5456
409 5456
410 5456
411 5456
412 5456
413 5456
414 5456
415 5456
416 5456
417 5456
418 5456
419 5456
420 5456
421 5456
422 5456
423 5456
424 5456
425 5477
426 5477
427 5477
428 5477
429 5477
430 5477
431 5477
432 5477
433 5477
434 5477
435 5477
436 5477
437 5477
438 5477
439 5477
440 5477
441 5477
442 5477
443 5477
444 5477
445 5477
446 5477
447 5477
448 5477
449 5477
450 5477
451 5477
452 5477
453 5477
454 5477
455 5477
456 5477
457 5477
458 5477
459 5477
460 5477
461 5477
462 5477
463 5477
464 5477
465 5477
466 5477
467 5477
468 5477
469 5477
470 5477
471 5477
472 5477
473 5477
474 5477
475 5477
476 5477
477 5477
478 5477
479 5477
480 5477
481 5477
482 5477
483 5477
484 5477
485 5477
486 5477
487 5477
488 5477
489 5477
490 5477
491 5477
492 5477
493 5477
494 5477
495 5477
496 5477
497 5477
498 5477
499 5477
500 5477
501 5477
502 5477
503 5477
504 5477
505 5477
506 5477
507 5477
508 5477
509 5477
510 5477
511 5477
512 5477
513 5477
514 5477
515 5477
516 5477
517 5477
518 5477
519 5477
520 5477
521 5477
522 5477
523 5477
524 5477
525 5477
526 5477
527 5477
528 5477
529 5477
530 5477
531 5477
532 5477
533 5477
534 5477
535 5477
536 5477
537 5477
538 5477
539 5477
540 5477
541 5477
542 5477
543 5477
544 5477
545 5477
546 5477
547 5477
548 5477
549 5477
550 5477
551 5477
552 5477
553 5477
554 5477
555 5477
556 5477
557 5477
558 5477
559 5477
560 5477
561 5477
562 5477
563 5477
564 5477
565 5477
566 5477
567 5477
568 5477
569 5477
570 5477
571 5477
572 5477
573 5477
574 5477
575 5477
576 5477
577 5477
578 5477
579 5477
580 5477
581 5477
582 5477
583 5477
584 5477
585 5477
586 5477
587 5477
588 5477
589 5477
590 5477
591 5477
592 5477
593 5477
594 5477
595 5477
596 5477
597 5477
598 5477
599 5477
600 5477
601 5477
602 5477
603 5477
604 5477
605 5477
606 5477
607 5477
608 5477
609 5477
610 5477
611 5477
612 5477
613 5477
614 5477
615 5477
616 5477
617 5477
618 5477
619 5477
620 5477
621 5477
622 5477
623 5477
624 5477
625 5477
626 5477
627 5477
628 5477
629 5477
630 5477
631 5477
632 5477
633 5477
634 5477
635 5481
636 5481
637 5481
638 5481
639 5481
640 5481
641 5481
642 5481
643 5481
644 5481
645 5481
646 5481
647 5481
648 5481
649 5481
650 5481
651 5481
652 5481
653 5481
654 5481
655 5481
656 5481
657 5481
658 5481
659 5481
660 5481
661 5481
662 5481
663 5481
664 5481
665 5481
666 5481
667 5481
668 5481
669 5481
670 5481
671 5481
672 5481
673 5481
674 5481
675 5481
676 5481
677 5481
678 5481
679 5481
680 5481
681 5481
682 5481
683 5481
684 5481
685 5481
686 5481
687 5481
688 5481
689 5481
690 5481
691 5481
692 5481
693 5481
694 5481
695 5481
696 5481
697 5481
698 5481
699 5481
700 5481
701 5481
702 5481
703 5481
704 5481
705 5481
706 5481
707 5481
708 5481
709 5481
710 5481
711 5481
712 5481
713 5481
714 5481
715 5481
716 5481
717 5481
718 5481
719 5481
720 5481
721 5481
722 5481
723 5481
724 5481
725 5481
726 5481
727 5481
728 5481
729 5481
730 5481
731 5481
732 5481
733 5481
734 5481
735 5481
736 5481
737 5481
738 5481
739 5481
740 5481
741 5481
742 5481
743 5481
744 5481
745 5481
746 5481
747 5481
748 5481
749 5481
750 5481
751 5481
752 5481
753 5481
754 5481
755 5481
756 5481
757 5481
758 5481
759 5481
760 5481
761 5481
762 5481
763 5481
764 5481
765 5481
766 5481
767 5481
768 5481
769 5481
770 5481
771 5481
772 5481
773 5481
774 5481
775 5481
776 5481
777 5481
778 5481
779 5481
780 5481
781 5481
782 5481
783 5481
784 5481
785 5485
786 5485
787 5485
788 5485
789 5485
790 5485
791 5485
792 5485
793 5485
794 5485
795 5485
796 5485
797 5485
798 5485
799 5485
800 5485
801 5485
802 5485
803 5485
804 5485
805 5485
806 5485
807 5485
808 5485
809 5485
810 5485
811 5485
812 5485
813 5485
814 5485
815 5511
816 5511
817 5511
818 5511
819 5511
820 5511
821 5511
822 5511
823 5511
824 5511
825 5511
826 5511
827 5511
828 5511
829 5511
830 5511
831 5511
832 5511
833 5511
834 5511
835 5511
836 5511
837 5511
838 5511
839 5511
840 5511
841 5511
842 5511
843 5511
844 5511
845 5511
846 5511
847 5511
848 5511
849 5511
850 5511
851 5511
852 5511
853 5511
854 5511
855 5511
856 5511
857 5511
858 5511
859 5511
860 5511
861 5511
862 5511
863 5511
864 5511
865 5511
866 5511
867 5511
868 5511
869 5511
870 5511
871 5511
872 5511
873 5511
874 5511
875 5511
876 5511
877 5511
878 5511
879 5511
880 5511
881 5511
882 5511
883 5511
884 5511
885 5511
886 5511
887 5511
888 5511
889 5511
890 5511
891 5511
892 5511
893 5511
894 5511
895 5511
896 5511
897 5511
898 5511
899 5511
900 5511
901 5511
902 5511
903 5511
904 5511
905 5511
906 5511
907 5511
908 5511
909 5511
910 5511
911 5511
912 5511
913 5511
914 5511
915 5511
916 5511
917 5511
918 5511
919 5511
920 5511
921 5511
922 5511
923 5511
924 5511
925 5511
926 5511
927 5511
928 5511
929 5511
930 5511
931 5511
932 5511
933 5511
934 5511
935 5511
936 5511
937 5511
938 5511
939 5511
940 5511
941 5511
942 5511
943 5511
944 5511
945 5511
946 5511
947 5511
948 5511
949 5511
950 5511
951 5511
952 5511
953 5511
954 5511
955 5511
956 5511
957 5511
958 5511
959 5511
960 5511
961 5511
962 5511
963 5511
964 5511
965 5511
966 5511
967 5511
968 5511
969 5511
970 5511
971 5511
972 5511
973 5511
974 5511
975 5511
976 5511
977 5511
978 5511
979 5511
980 5511
981 5511
982 5511
983 5511
984 5511
985 5511
986 5511
987 5511
988 5511
989 5511
990 5511
991 5511
992 5511
993 5511
994 5511
995 5511
996 5511
997 5511
998 5511
999 5511
1000 5511
1001 5511
1002 5511
1003 5511
1004 5511
1005 5511
1006 5511
1007 5511
1008 5511
1009 5511
1010 5511
