10 5358
20 5391
30 5391
40 5391
50 5391
60 5391
70 5391
80 5391
90 5391
100 5391
110 5391
120 5401
130 5401
140 5401
150 5401
160 5401
170 5404
180 5404
190 5404
200 5404
210 5404
220 5404
230 5404
240 5404
250 5404
260 5404
270 5404
280 5404
290 5404
300 5404
310 5404
320 5404
330 5404
340 5404
350 5404
360 5404
370 5404
380 5404
390 5404
400 5404
410 5404
420 5404
430 5404
440 5404
450 5404
460 5404
470 5404
480 5404
490 5404
500 5404
510 5404
520 5404
530 5404
540 5404
550 5404
560 5404
570 5404
580 5404
590 5404
600 5404
610 5404
620 5404
630 5404
640 5404
650 5404
660 5404
670 5404
680 5404
690 5404
700 5404
710 5404
720 5404
730 5404
740 5404
750 5404
760 5404
770 5404
780 5404
790 5404
800 5404
810 5404
820 5404
830 5404
840 5404
850 5404
860 5404
870 5404
880 5404
890 5404
900 5404
910 5404
920 5404
930 5404
940 5404
950 5404
960 5404
970 5404
980 5404
990 5404
1000 5404
1010 5404
1020 5404
1030 5404
1040 5404
1050 5404
1060 5404
1070 5404
1080 5404
1090 5404
1100 5404
1110 5404
1120 5404
1130 5404
1140 5404
1150 5404
1160 5404
1170 5404
1180 5404
1190 5404
1200 5404
1210 5404
1220 5404
1230 5404
1240 5404
1250 5404
1260 5404
1270 5404
1280 5404
1290 5404
1300 5404
1310 5404
1320 5404
1330 5404
1340 5404
1350 5404
1360 5404
1370 5404
1380 5404
1390 5404
1400 5404
1410 5404
1420 5404
1430 5404
1440 5404
1450 5404
1460 5404
1470 5404
1480 5404
1490 5404
1500 5404
1510 5404
1520 5404
1530 5404
1540 5404
1550 5404
1560 5404
1570 5404
1580 5404
1590 5404
1600 5404
1610 5404
1620 5404
1630 5404
1640 5404
1650 5404
1660 5404
1670 5404
1680 5404
1690 5404
1700 5404
1710 5404
1720 5404
1730 5404
1740 5404
1750 5404
1760 5404
1770 5404
1780 5404
1790 5404
1800 5404
1810 5404
1820 5404
1830 5404
1840 5404
1850 5404
1860 5404
1870 5404
1880 5404
1890 5404
1900 5404
1910 5404
1920 5404
1930 5404
1940 5404
1950 5404
1960 5404
1970 5404
1980 5404
1990 5404
2000 5404
2010 5404
2020 5404
2030 5404
2040 5404
2050 5404
2060 5404
2070 5404
2080 5404
2090 5404
2100 5404
2110 5404
2120 5404
2130 5404
2140 5404
2150 5404
2160 5404
2170 5404
2180 5404
2190 5404
2200 5404
2210 5404
2220 5404
2230 5404
2240 5404
2250 5404
2260 5404
2270 5404
2280 5404
2290 5404
2300 5404
2310 5404
2320 5404
2330 5404
2340 5404
2350 5404
2360 5404
2370 5404
2380 5404
2390 5404
2400 5404
2410 5404
2420 5404
2430 5404
2440 5404
2450 5404
2460 5404
2470 5404
2480 5404
2490 5404
2500 5404
2510 5404
2520 5404
2530 5404
2540 5404
2550 5404
2560 5404
2570 5404
2580 5404
2590 5404
2600 5404
2610 5404
2620 5404
2630 5404
2640 5404
2650 5404
2660 5404
2670 5404
2680 5404
2690 5404
2700 5404
2710 5404
2720 5404
2730 5404
2740 5404
2750 5404
2760 5404
2770 5404
2780 5404
2790 5404
2800 5404
2810 5404
2820 5404
2830 5404
2840 5404
2850 5404
2860 5404
2870 5404
2880 5404
2890 5421
2900 5421
2910 5421
2920 5421
2930 5421
2940 5421
2950 5421
2960 5421
2970 5421
2980 5421
2990 5421
3000 5421
3010 5421
3020 5421
3030 5421
3040 5421
3050 5421
3060 5421
3070 5421
3080 5421
3090 5421
3100 5421
3110 5421
3120 5421
3130 5421
3140 5421
3150 5421
3160 5421
3170 5421
3180 5421
3190 5421
3200 5421
3210 5421
3220 5421
3230 5421
3240 5421
3250 5421
3260 5421
3270 5421
3280 5421
3290 5421
3300 5421
3310 5421
3320 5421
3330 5421
3340 5421
3350 5421
3360 5421
3370 5421
3380 5421
3390 5421
3400 5421
3410 5421
3420 5421
3430 5421
3440 5421
3450 5421
3460 5421
3470 5421
3480 5421
3490 5421
3500 5421
3510 5421
3520 5421
3530 5421
3540 5421
3550 5421
3560 5421
3570 5421
3580 5421
3590 5421
3600 5421
3610 5421
3620 5421
3630 5421
3640 5421
3650 5421
3660 5421
3670 5421
3680 5421
3690 5421
3700 5421
3710 5421
3720 5421
3730 5421
3740 5421
3750 5421
3760 5421
3770 5421
3780 5421
3790 5421
3800 5421
3810 5421
3820 5421
3830 5421
3840 5421
3850 5421
3860 5421
3870 5421
3880 5421
3890 5421
3900 5421
3910 5421
3920 5421
3930 5421
3940 5421
3950 5421
3960 5421
3970 5421
3980 5421
3990 5421
4000 5421
4010 5421
4020 5421
4030 5421
4040 5421
4050 5421
4060 5421
4070 5421
4080 5421
4090 5421
4100 5421
4110 5421
4120 5421
4130 5421
4140 5421
4150 5421
4160 5421
4170 5421
4180 5421
4190 5421
4200 5421
4210 5421
4220 5421
4230 5421
4240 5421
4250 5421
4260 5421
4270 5421
4280 5421
4290 5421
4300 5421
4310 5421
4320 5421
4330 5421
4340 5421
4350 5421
4360 5421
4370 5421
4380 5421
4390 5421
4400 5421
4410 5421
4420 5421
4430 5421
4440 5421
4450 5421
4460 5421
4470 5421
4480 5421
4490 5421
4500 5421
4510 5421
4520 5421
4530 5421
4540 5421
4550 5421
4560 5421
4570 5421
4580 5421
4590 5421
4600 5421
4610 5421
4620 5421
4630 5421
4640 5421
4650 5421
4660 5421
4670 5421
4680 5421
4690 5421
4700 5421
4710 5421
4720 5421
4730 5421
4740 5421
4750 5421
4760 5421
4770 5421
4780 5421
4790 5421
4800 5421
4810 5421
4820 5421
4830 5421
4840 5421
4850 5421
4860 5421
4870 5421
4880 5421
4890 5421
4900 5421
4910 5421
4920 5421
4930 5421
4940 5421
4950 5421
4960 5421
4970 5421
4980 5421
4990 5421
5000 5421
5010 5421
5020 5421
5030 5421
5040 5421
5050 5421
5060 5421
5070 5421
5080 5421
5090 5421
5100 5421
5110 5421
5120 5421
5130 5421
5140 5421
5150 5421
5160 5421
5170 5421
5180 5421
5190 5421
5200 5421
5210 5421
5220 5421
5230 5421
5240 5421
5250 5421
5260 5421
5270 5421
5280 5421
5290 5421
5300 5421
5310 5421
5320 5421
5330 5421
5340 5421
5350 5421
5360 5421
5370 5421
5380 5421
5390 5421
5400 5421
5410 5421
5420 5421
5430 5421
5440 5421
5450 5421
5460 5421
5470 5421
5480 5421
5490 5421
5500 5421
5510 5421
5520 5421
5530 5421
5540 5421
5550 5421
5560 5421
5570 5421
5580 5421
5590 5421
5600 5421
5610 5421
5620 5421
5630 5421
5640 5421
5650 5421
5660 5421
5670 5421
5680 5421
5690 5421
5700 5421
5710 5421
5720 5421
5730 5421
5740 5421
5750 5421
5760 5421
5770 5421
5780 5421
5790 5421
5800 5421
5810 5421
5820 5421
5830 5421
5840 5421
5850 5421
5860 5421
5870 5421
5880 5421
5890 5421
5900 5421
5910 5421
5920 5421
5930 5421
5940 5421
5950 5421
5960 5421
5970 5421
5980 5421
5990 5421
6000 5421
6010 5421
6020 5421
6030 5421
6040 5421
6050 5421
6060 5421
6070 5421
6080 5421
6090 5421
6100 5421
6110 5421
6120 5421
6130 5421
6140 5421
6150 5421
6160 5475
6170 5475
6180 5475
6190 5475
6200 5475
6210 5475
6220 5475
6230 5475
6240 5475
6250 5475
6260 5475
6270 5475
6280 5475
6290 5475
6300 5475
6310 5475
6320 5475
6330 5475
6340 5475
6350 5475
6360 5475
6370 5475
6380 5475
6390 5475
6400 5475
6410 5475
6420 5475
6430 5475
6440 5475
6450 5475
6460 5475
6470 5475
6480 5475
6490 5475
6500 5475
6510 5475
6520 5475
6530 5475
6540 5475
6550 5475
6560 5475
6570 5475
6580 5475
6590 5475
6600 5475
6610 5475
6620 5475
6630 5475
6640 5475
6650 5475
6660 5475
6670 5475
6680 5475
6690 5475
6700 5475
6710 5475
6720 5475
6730 5475
6740 5475
6750 5475
6760 5475
6770 5475
6780 5475
6790 5475
6800 5475
6810 5475
6820 5475
6830 5475
6840 5475
6850 5475
6860 5475
6870 5475
6880 5475
6890 5475
6900 5475
6910 5475
6920 5475
6930 5475
6940 5475
6950 5475
6960 5475
6970 5475
6980 5475
6990 5475
7000 5475
7010 5475
7020 5475
7030 5475
7040 5475
7050 5475
7060 5475
7070 5475
7080 5475
7090 5475
7100 5475
7110 5475
7120 5475
7130 5475
7140 5475
7150 5475
7160 5475
7170 5475
7180 5475
7190 5475
7200 5475
7210 5475
7220 5475
7230 5475
7240 5475
7250 5475
7260 5475
7270 5475
7280 5475
7290 5475
7300 5475
7310 5475
7320 5475
7330 5475
7340 5475
7350 5475
7360 5475
7370 5475
7380 5475
7390 5475
7400 5475
7410 5475
7420 5475
7430 5475
7440 5475
7450 5475
7460 5475
7470 5475
7480 5475
7490 5475
7500 5475
7510 5475
7520 5475
7530 5475
7540 5475
7550 5475
7560 5475
7570 5475
7580 5475
7590 5475
7600 5475
7610 5475
7620 5475
7630 5475
7640 5475
7650 5475
7660 5475
7670 5475
7680 5475
7690 5475
7700 5475
7710 5475
7720 5475
7730 5475
7740 5475
7750 5475
7760 5475
7770 5475
7780 5475
7790 5475
7800 5475
7810 5475
7820 5475
7830 5475
7840 5475
7850 5475
7860 5475
7870 5475
7880 5475
7890 5475
7900 5475
7910 5475
7920 5475
7930 5475
7940 5475
7950 5475
7960 5475
7970 5475
7980 5475
7990 5475
8000 5475
8010 5475
8020 5475
8030 5475
8040 5475
8050 5475
8060 5475
8070 5475
8080 5475
8090 5475
8100 5475
8110 5475
8120 5475
8130 5475
8140 5475
8150 5475
8160 5475
8170 5475
8180 5475
8190 5475
8200 5475
8210 5475
8220 5475
8230 5475
8240 5475
8250 5475
8260 5475
8270 5475
8280 5475
8290 5475
8300 5475
8310 5475
8320 5475
8330 5475
8340 5475
8350 5475
8360 5475
8370 5475
8380 5475
8390 5475
8400 5475
8410 5475
8420 5475
8430 5475
8440 5475
8450 5475
8460 5475
8470 5475
8480 5475
8490 5475
8500 5475
8510 5475
8520 5475
8530 5475
8540 5475
8550 5475
8560 5475
8570 5475
8580 5475
8590 5475
8600 5475
8610 5475
8620 5475
8630 5475
8640 5475
8650 5475
8660 5475
8670 5475
8680 5475
8690 5475
8700 5475
8710 5475
8720 5475
8730 5475
8740 5475
8750 5475
8760 5475
8770 5475
8780 5475
8790 5475
8800 5475
8810 5475
8820 5475
8830 5475
8840 5475
8850 5475
8860 5475
8870 5475
8880 5475
8890 5475
8900 5475
8910 5475
8920 5475
8930 5475
8940 5475
8950 5475
8960 5475
8970 5475
8980 5475
8990 5475
9000 5475
9010 5475
9020 5475
9030 5475
9040 5475
9050 5475
9060 5475
9070 5475
9080 5475
9090 5475
9100 5475
9110 5475
9120 5475
9130 5475
9140 5475
9150 5475
9160 5475
9170 5475
9180 5475
9190 5475
9200 5475
9210 5475
9220 5475
9230 5475
9240 5475
9250 5475
9260 5475
9270 5475
9280 5475
9290 5475
9300 5475
9310 5475
9320 5475
9330 5475
9340 5475
9350 5475
9360 5475
9370 5475
9380 5475
9390 5475
9400 5475
9410 5475
9420 5475
9430 5475
9440 5475
9450 5475
9460 5475
9470 5475
9480 5475
9490 5475
9500 5475
9510 5475
9520 5475
9530 5475
9540 5475
9550 5475
9560 5475
9570 5475
9580 5475
9590 5475
9600 5475
9610 5475
9620 5475
9630 5475
9640 5475
9650 5475
9660 5475
9670 5475
9680 5475
9690 5475
9700 5475
9710 5475
9720 5475
9730 5475
9740 5475
9750 5475
9760 5475
9770 5475
9780 5475
9790 5475
9800 5475
9810 5475
9820 5475
9830 5475
9840 5475
9850 5475
9860 5475
9870 5475
9880 5475
9890 5475
9900 5475
9910 5475
9920 5475
9930 5475
9940 5475
9950 5475
9960 5475
9970 5475
9980 5475
9990 5475
10000 5475
10010 5475
10020 5475
10030 5475
10040 5475
10050 5475
10060 5475
10070 5475
10080 5475
10090 5475
10100 5475
10110 5475
10120 5475
10130 5475
10140 5475
10150 5475
10160 5475
10170 5475
10180 5475
10190 5475
10200 5475
10210 5475
10220 5475
10230 5475
10240 5475
10250 5475
10260 5475
10270 5475
10280 5475
10290 5475
10300 5475
10310 5475
10320 5475
10330 5475
10340 5475
10350 5475
10360 5475
10370 5475
10380 5475
10390 5475
10400 5475
10410 5475
10420 5475
10430 5475
10440 5475
10450 5475
10460 5475
10470 5475
10480 5475
10490 5475
10500 5475
10510 5475
10520 5475
10530 5475
10540 5475
10550 5475
10560 5475
10570 5475
10580 5475
10590 5475
10600 5475
10610 5475
10620 5475
10630 5475
10640 5475
10650 5475
10660 5475
10670 5475
10680 5475
10690 5475
10700 5475
10710 5475
10720 5475
10730 5475
10740 5475
10750 5475
10760 5475
10770 5475
10780 5475
10790 5475
10800 5475
10810 5475
10820 5475
10830 5475
10840 5475
10850 5475
10860 5475
10870 5475
10880 5475
10890 5475
10900 5475
10910 5475
10920 5475
10930 5475
10940 5475
10950 5475
10960 5475
10970 5475
10980 5475
10990 5475
11000 5475
11010 5475
11020 5475
11030 5475
11040 5475
11050 5475
11060 5475
11070 5475
11080 5475
11090 5475
11100 5475
11110 5475
11120 5475
11130 5475
11140 5475
11150 5475
11160 5475
11170 5475
11180 5475
11190 5475
11200 5475
11210 5475
11220 5475
11230 5475
11240 5475
11250 5475
11260 5475
11270 5475
11280 5475
11290 5475
11300 5475
11310 5475
11320 5475
11330 5475
11340 5475
11350 5475
11360 5475
11370 5475
11380 5475
11390 5475
11400 5475
11410 5475
11420 5475
11430 5475
11440 5475
11450 5475
11460 5475
11470 5475
11480 5475
11490 5475
11500 5475
11510 5475
11520 5475
11530 5475
11540 5475
11550 5475
11560 5475
11570 5475
11580 5475
11590 5475
11600 5475
11610 5475
11620 5475
11630 5475
11640 5475
11650 5475
11660 5475
11670 5475
11680 5475
11690 5475
11700 5475
11710 5475
11720 5475
11730 5475
11740 5475
11750 5475
11760 5475
11770 5475
11780 5475
11790 5475
11800 5475
11810 5475
11820 5475
11830 5475
11840 5475
11850 5475
11860 5475
11870 5475
11880 5475
11890 5475
11900 5475
11910 5475
11920 5475
11930 5475
11940 5475
11950 5475
11960 5475
11970 5475
11980 5475
11990 5475
12000 5475
12010 5475
12020 5475
12030 5475
12040 5475
12050 5475
12060 5475
12070 5475
12080 5475
12090 5475
12100 5475
12110 5475
12120 5475
12130 5475
12140 5475
12150 5475
12160 5475
12170 5475
12180 5475
12190 5475
12200 5475
12210 5475
12220 5475
12230 5475
12240 5475
12250 5475
12260 5475
12270 5475
12280 5475
12290 5475
12300 5475
12310 5475
12320 5475
12330 5475
12340 5475
12350 5475
12360 5475
12370 5475
12380 5475
12390 5475
12400 5475
12410 5475
12420 5475
12430 5475
12440 5475
12450 5475
12460 5475
12470 5475
12480 5475
12490 5475
12500 5475
12510 5475
12520 5475
12530 5475
12540 5475
12550 5475
12560 5475
12570 5475
12580 5475
12590 5475
12600 5475
12610 5475
12620 5475
12630 5475
12640 5475
12650 5475
12660 5475
12670 5475
12680 5475
12690 5475
12700 5475
12710 5475
12720 5475
12730 5475
12740 5475
12750 5475
12760 5475
12770 5475
12780 5475
12790 5475
12800 5475
12810 5475
12820 5475
12830 5475
12840 5475
12850 5475
12860 5475
12870 5475
12880 5475
12890 5475
12900 5475
12910 5475
12920 5475
12930 5475
12940 5475
12950 5475
12960 5475
12970 5475
12980 5475
12990 5475
13000 5475
13010 5475
13020 5475
13030 5475
13040 5475
13050 5475
13060 5475
13070 5475
13080 5475
13090 5475
13100 5475
13110 5475
13120 5475
13130 5475
13140 5475
13150 5475
13160 5475
13170 5475
13180 5475
13190 5475
13200 5475
13210 5475
13220 5475
13230 5475
13240 5475
13250 5475
13260 5475
13270 5475
13280 5475
13290 5475
13300 5475
13310 5475
13320 5475
13330 5475
13340 5475
13350 5475
13360 5475
13370 5475
13380 5475
13390 5475
13400 5475
13410 5475
13420 5475
13430 5475
13440 5475
13450 5475
13460 5475
13470 5475
13480 5475
13490 5475
13500 5475
13510 5475
13520 5475
13530 5475
13540 5475
13550 5475
13560 5475
13570 5475
13580 5475
13590 5475
13600 5475
13610 5475
13620 5475
13630 5475
13640 5475
13650 5475
13660 5475
13670 5475
13680 5475
13690 5475
13700 5475
13710 5475
13720 5475
13730 5475
13740 5475
13750 5475
13760 5475
13770 5475
13780 5475
13790 5475
13800 5475
13810 5475
13820 5475
13830 5475
13840 5475
13850 5475
13860 5475
13870 5475
13880 5475
13890 5475
13900 5475
13910 5475
13920 5475
13930 5475
13940 5475
13950 5475
13960 5475
13970 5475
13980 5475
13990 5475
14000 5475
14010 5475
14020 5475
14030 5475
14040 5475
14050 5475
14060 5475
14070 5475
14080 5475
14090 5475
14100 5475
14110 5475
14120 5475
14130 5475
14140 5475
14150 5475
14160 5475
14170 5475
14180 5475
14190 5475
14200 5475
14210 5475
14220 5475
14230 5475
14240 5475
14250 5475
14260 5475
14270 5475
14280 5475
14290 5475
14300 5475
14310 5475
14320 5475
14330 5475
14340 5475
14350 5475
14360 5475
14370 5475
14380 5475
14390 5475
14400 5475
14410 5475
14420 5475
14430 5475
14440 5475
14450 5475
14460 5475
14470 5475
14480 5475
14490 5475
14500 5475
14510 5475
14520 5475
14530 5475
14540 5475
14550 5475
14560 5475
14570 5475
14580 5475
14590 5475
14600 5475
14610 5475
14620 5475
14630 5475
14640 5475
14650 5475
14660 5475
14670 5475
14680 5475
14690 5475
14700 5475
14710 5475
14720 5475
14730 5475
14740 5475
14750 5475
14760 5475
14770 5475
14780 5475
14790 5475
14800 5475
14810 5475
14820 5475
14830 5475
14840 5475
14850 5475
14860 5475
14870 5475
14880 5475
14890 5475
14900 5475
14910 5475
14920 5475
14930 5475
14940 5475
14950 5475
14960 5475
14970 5475
14980 5475
14990 5475
15000 5475
15010 5475
15020 5475
15030 5475
15040 5475
15050 5475
15060 5475
15070 5475
15080 5475
15090 5475
15100 5475
15110 5475
15120 5475
15130 5475
15140 5475
15150 5475
15160 5475
15170 5475
15180 5475
15190 5475
15200 5475
15210 5475
15220 5475
15230 5475
15240 5475
15250 5475
15260 5475
15270 5475
15280 5475
15290 5475
15300 5475
15310 5475
15320 5475
15330 5475
15340 5475
15350 5475
15360 5475
15370 5475
15380 5475
15390 5475
15400 5475
15410 5475
15420 5475
15430 5475
15440 5475
15450 5475
15460 5475
15470 5475
15480 5475
15490 5475
15500 5475
15510 5475
15520 5475
15530 5475
15540 5475
15550 5475
15560 5475
15570 5475
15580 5475
15590 5475
15600 5475
15610 5475
15620 5475
15630 5475
15640 5475
15650 5475
15660 5475
15670 5475
15680 5475
15690 5475
15700 5475
15710 5475
15720 5475
15730 5475
15740 5475
15750 5475
15760 5475
15770 5475
15780 5475
15790 5475
15800 5475
15810 5475
15820 5475
15830 5475
15840 5475
15850 5475
15860 5475
15870 5475
15880 5475
15890 5475
15900 5475
15910 5475
15920 5475
15930 5475
15940 5475
15950 5475
15960 5475
15970 5475
15980 5475
15990 5475
16000 5475
16010 5475
16020 5475
16030 5475
16040 5475
16050 5475
16060 5475
16070 5475
16080 5475
16090 5475
16100 5475
16110 5475
16120 5475
16130 5475
16140 5475
16150 5475
16160 5475
16170 5475
16180 5475
16190 5475
16200 5475
16210 5475
16220 5475
16230 5475
16240 5475
16250 5475
16260 5475
16270 5475
16280 5475
16290 5475
16300 5475
16310 5475
16320 5475
16330 5475
16340 5475
16350 5475
16360 5475
16370 5475
16380 5475
16390 5475
16400 5475
16410 5475
16420 5475
16430 5475
16440 5475
16450 5475
16460 5475
16470 5475
16480 5475
16490 5475
16500 5475
16510 5475
16520 5475
16530 5475
16540 5475
16550 5475
16560 5475
16570 5475
16580 5475
16590 5475
16600 5475
16610 5475
16620 5475
16630 5475
16640 5475
16650 5475
16660 5475
16670 5475
16680 5475
16690 5475
16700 5475
16710 5475
16720 5475
16730 5475
16740 5475
16750 5475
16760 5475
16770 5475
16780 5475
16790 5475
16800 5475
16810 5475
16820 5475
16830 5475
16840 5475
16850 5475
16860 5475
16870 5475
16880 5475
16890 5475
16900 5475
16910 5475
16920 5475
16930 5475
16940 5475
16950 5475
16960 5475
16970 5475
16980 5475
16990 5475
17000 5475
17010 5475
17020 5475
17030 5475
17040 5475
17050 5475
17060 5475
17070 5475
17080 5475
17090 5475
17100 5475
17110 5475
17120 5475
17130 5475
17140 5475
17150 5475
17160 5475
17170 5475
17180 5475
17190 5475
17200 5475
17210 5475
17220 5475
17230 5475
17240 5475
17250 5475
17260 5475
17270 5475
17280 5475
17290 5475
17300 5475
17310 5475
17320 5475
17330 5475
17340 5475
17350 5475
17360 5475
17370 5475
17380 5475
17390 5475
17400 5475
17410 5475
17420 5475
17430 5475
17440 5475
17450 5475
17460 5475
17470 5475
17480 5475
17490 5475
17500 5475
17510 5475
17520 5475
17530 5475
17540 5475
17550 5475
17560 5475
17570 5475
17580 5475
17590 5475
17600 5475
17610 5475
17620 5475
17630 5475
17640 5475
17650 5475
17660 5475
17670 5475
17680 5475
17690 5475
17700 5475
17710 5475
17720 5475
17730 5475
17740 5475
17750 5475
17760 5475
17770 5475
17780 5475
17790 5475
17800 5475
17810 5475
17820 5475
17830 5475
17840 5475
17850 5475
17860 5475
17870 5475
17880 5475
17890 5475
17900 5475
17910 5475
17920 5475
17930 5475
17940 5475
17950 5475
17960 5475
17970 5475
17980 5475
17990 5475
18000 5475
18010 5475
18020 5475
18030 5475
18040 5475
18050 5475
18060 5475
18070 5475
18080 5475
18090 5475
18100 5475
18110 5475
18120 5475
18130 5475
18140 5475
18150 5475
18160 5475
18170 5475
18180 5475
18190 5475
18200 5475
18210 5475
18220 5475
18230 5475
18240 5475
18250 5475
18260 5475
18270 5475
18280 5475
18290 5475
18300 5475
18310 5475
18320 5475
18330 5475
18340 5475
18350 5475
18360 5475
18370 5475
18380 5475
18390 5475
18400 5475
18410 5475
18420 5475
18430 5475
18440 5475
18450 5475
18460 5475
18470 5475
18480 5475
18490 5475
18500 5475
18510 5475
18520 5475
18530 5475
18540 5475
18550 5475
18560 5475
18570 5475
18580 5475
18590 5475
18600 5475
18610 5475
18620 5475
18630 5475
18640 5475
18650 5475
18660 5475
18670 5475
18680 5475
18690 5475
18700 5475
18710 5475
18720 5475
18730 5475
18740 5475
18750 5475
18760 5475
18770 5475
18780 5475
18790 5475
18800 5475
18810 5475
18820 5475
18830 5475
18840 5475
18850 5475
18860 5475
18870 5475
18880 5475
18890 5475
18900 5475
18910 5475
18920 5475
18930 5475
18940 5475
18950 5475
18960 5475
18970 5475
18980 5475
18990 5475
19000 5475
19010 5475
19020 5475
19030 5475
19040 5475
19050 5475
19060 5475
19070 5475
19080 5475
19090 5475
19100 5475
19110 5475
19120 5475
19130 5475
19140 5475
19150 5475
19160 5475
19170 5475
19180 5475
19190 5475
19200 5475
19210 5475
19220 5475
19230 5475
19240 5475
19250 5475
19260 5475
19270 5475
19280 5475
19290 5475
19300 5475
19310 5475
19320 5475
19330 5475
19340 5475
19350 5475
19360 5475
19370 5475
19380 5475
19390 5475
19400 5475
19410 5475
19420 5475
19430 5475
19440 5475
19450 5475
19460 5475
19470 5475
19480 5475
19490 5475
19500 5475
19510 5475
19520 5475
19530 5475
19540 5475
19550 5475
19560 5475
19570 5475
19580 5475
19590 5475
19600 5475
19610 5475
19620 5475
19630 5475
19640 5475
19650 5475
19660 5475
19670 5475
19680 5475
19690 5475
19700 5475
19710 5475
19720 5475
19730 5475
19740 5475
19750 5475
19760 5475
19770 5475
19780 5475
19790 5475
19800 5475
19810 5475
19820 5475
19830 5475
19840 5475
19850 5475
19860 5475
19870 5475
19880 5475
19890 5475
19900 5475
19910 5475
19920 5475
19930 5475
19940 5475
19950 5475
19960 5475
19970 5475
19980 5475
19990 5475
20000 5475
20010 5475
20020 5475
20030 5475
20040 5475
20050 5475
20060 5475
20070 5475
20080 5475
20090 5475
20100 5475
20110 5475
20120 5475
20130 5475
20140 5475
20150 5475
20160 5475
20170 5475
20180 5475
20190 5475
20200 5475
20210 5475
20220 5475
20230 5475
20240 5475
20250 5475
20260 5475
20270 5475
20280 5475
20290 5475
20300 5475
20310 5475
20320 5475
20330 5475
20340 5475
20350 5475
20360 5475
20370 5475
20380 5475
20390 5475
20400 5475
20410 5475
20420 5475
20430 5475
20440 5475
20450 5475
20460 5475
20470 5475
20480 5475
20490 5475
20500 5475
20510 5475
20520 5475
20530 5475
20540 5475
20550 5475
20560 5475
20570 5475
20580 5475
20590 5475
20600 5475
20610 5475
20620 5475
20630 5475
20640 5475
20650 5475
20660 5475
20670 5475
20680 5475
20690 5475
20700 5475
20710 5475
20720 5475
20730 5475
20740 5475
20750 5475
20760 5475
20770 5475
20780 5475
20790 5475
20800 5475
20810 5475
20820 5475
20830 5475
20840 5475
20850 5475
20860 5475
20870 5475
20880 5475
20890 5475
20900 5475
20910 5475
20920 5475
20930 5475
20940 5475
20950 5475
20960 5475
20970 5475
20980 5475
20990 5475
21000 5475
21010 5475
21020 5475
21030 5475
21040 5475
21050 5475
21060 5475
21070 5475
21080 5475
21090 5475
21100 5475
21110 5475
21120 5475
21130 5475
21140 5475
21150 5475
21160 5475
21170 5475
21180 5475
21190 5475
21200 5475
21210 5475
21220 5475
21230 5475
21240 5475
21250 5475
21260 5475
21270 5475
21280 5475
21290 5475
21300 5475
21310 5475
21320 5475
21330 5475
21340 5475
21350 5475
21360 5475
21370 5475
21380 5475
21390 5475
21400 5475
21410 5475
21420 5475
21430 5475
21440 5475
21450 5475
21460 5475
21470 5475
21480 5475
21490 5475
21500 5475
21510 5475
21520 5475
21530 5475
21540 5475
21550 5475
21560 5475
21570 5475
21580 5475
21590 5475
21600 5475
21610 5475
21620 5475
21630 5475
21640 5475
21650 5475
21660 5475
21670 5475
21680 5475
21690 5475
21700 5475
21710 5475
21720 5475
21730 5475
21740 5475
21750 5475
21760 5475
21770 5475
21780 5475
21790 5475
21800 5475
21810 5475
21820 5475
21830 5475
21840 5475
21850 5475
21860 5475
21870 5475
21880 5475
21890 5475
21900 5475
21910 5475
21920 5475
21930 5475
21940 5475
21950 5475
21960 5475
21970 5475
21980 5475
21990 5475
22000 5475
22010 5475
22020 5475
22030 5475
22040 5475
22050 5475
22060 5475
22070 5475
22080 5475
22090 5475
22100 5475
22110 5475
22120 5475
22130 5475
22140 5475
22150 5475
22160 5475
22170 5475
22180 5475
22190 5475
22200 5475
22210 5475
22220 5475
22230 5475
22240 5475
22250 5475
22260 5475
22270 5475
22280 5475
22290 5475
22300 5475
22310 5475
22320 5475
22330 5475
22340 5475
22350 5475
22360 5475
22370 5475
22380 5475
22390 5475
22400 5475
22410 5475
22420 5475
22430 5475
22440 5475
22450 5475
22460 5475
22470 5475
22480 5475
22490 5475
22500 5475
22510 5475
22520 5475
22530 5475
22540 5475
22550 5475
22560 5475
22570 5475
22580 5475
22590 5475
22600 5475
22610 5475
22620 5475
22630 5475
22640 5475
22650 5475
22660 5475
22670 5475
22680 5475
22690 5475
22700 5475
22710 5475
22720 5475
22730 5475
22740 5475
22750 5475
22760 5475
22770 5475
22780 5475
22790 5475
22800 5475
22810 5475
22820 5475
22830 5475
22840 5475
22850 5475
22860 5475
22870 5475
22880 5475
22890 5475
22900 5475
22910 5475
22920 5475
22930 5475
22940 5475
22950 5475
22960 5475
22970 5475
22980 5475
22990 5475
23000 5475
23010 5475
23020 5475
23030 5475
23040 5475
23050 5475
23060 5475
23070 5475
23080 5475
23090 5475
23100 5475
23110 5475
23120 5475
23130 5475
23140 5475
23150 5475
23160 5475
23170 5475
23180 5475
23190 5475
23200 5475
23210 5475
23220 5475
23230 5475
23240 5475
23250 5475
23260 5475
23270 5475
23280 5475
23290 5475
23300 5475
23310 5475
23320 5475
23330 5475
23340 5475
23350 5475
23360 5475
23370 5475
23380 5475
23390 5475
23400 5475
23410 5475
23420 5475
23430 5475
23440 5475
23450 5475
23460 5475
23470 5475
23480 5475
23490 5475
23500 5475
23510 5475
23520 5475
23530 5475
23540 5475
23550 5475
23560 5475
23570 5475
23580 5475
23590 5475
23600 5475
23610 5475
23620 5475
23630 5475
23640 5475
23650 5475
23660 5475
23670 5475
23680 5475
23690 5475
23700 5475
23710 5475
23720 5475
23730 5475
23740 5475
23750 5475
23760 5475
23770 5475
23780 5475
23790 5475
23800 5475
23810 5475
23820 5475
23830 5475
23840 5475
23850 5475
23860 5475
23870 5475
23880 5475
23890 5475
23900 5475
23910 5475
23920 5475
23930 5475
23940 5475
23950 5475
23960 5475
23970 5475
23980 5475
23990 5475
24000 5475
24010 5475
24020 5475
24030 5475
24040 5475
24050 5475
24060 5475
24070 5475
24080 5475
24090 5475
24100 5475
24110 5475
24120 5475
24130 5475
24140 5475
24150 5475
24160 5475
24170 5475
24180 5475
24190 5475
24200 5475
24210 5475
24220 5475
24230 5475
24240 5475
24250 5475
24260 5475
24270 5475
24280 5475
24290 5475
24300 5475
24310 5475
24320 5475
24330 5475
24340 5475
24350 5475
24360 5475
24370 5475
24380 5475
24390 5475
24400 5475
24410 5475
24420 5475
24430 5475
24440 5475
24450 5475
24460 5475
24470 5475
24480 5475
24490 5475
24500 5475
24510 5475
24520 5475
24530 5475
24540 5475
24550 5475
24560 5475
24570 5475
24580 5475
24590 5475
24600 5475
24610 5475
24620 5475
24630 5475
24640 5475
24650 5475
24660 5475
24670 5475
24680 5475
24690 5475
24700 5475
24710 5475
24720 5475
24730 5475
24740 5475
24750 5475
24760 5475
24770 5475
24780 5475
24790 5475
24800 5475
24810 5475
24820 5475
24830 5475
24840 5475
24850 5475
24860 5475
24870 5475
24880 5475
24890 5475
24900 5475
24910 5475
24920 5475
24930 5475
24940 5475
24950 5475
24960 5475
24970 5475
24980 5475
24990 5475
25000 5475
25010 5475
25020 5475
25030 5475
25040 5475
25050 5475
25060 5475
25070 5475
25080 5475
25090 5475
25100 5475
25110 5475
25120 5475
25130 5475
25140 5475
25150 5475
25160 5475
25170 5475
25180 5475
25190 5475
25200 5475
25210 5475
25220 5475
25230 5475
25240 5475
25250 5475
25260 5475
25270 5475
25280 5475
25290 5475
25300 5475
25310 5475
25320 5475
25330 5475
25340 5475
25350 5475
25360 5475
25370 5475
25380 5475
25390 5475
25400 5475
25410 5475
25420 5475
25430 5475
25440 5475
25450 5475
25460 5475
25470 5475
25480 5475
25490 5475
25500 5475
25510 5475
25520 5475
25530 5475
25540 5475
25550 5475
25560 5475
25570 5475
25580 5475
25590 5475
25600 5475
25610 5475
25620 5475
25630 5475
25640 5475
25650 5475
25660 5475
25670 5475
25680 5475
25690 5475
25700 5475
25710 5475
25720 5475
25730 5475
25740 5475
25750 5475
25760 5475
25770 5475
25780 5475
25790 5475
25800 5475
25810 5475
25820 5475
25830 5475
25840 5475
25850 5475
25860 5475
25870 5475
25880 5475
25890 5475
25900 5475
25910 5475
25920 5475
25930 5475
25940 5475
25950 5475
25960 5475
25970 5475
25980 5475
25990 5475
26000 5475
26010 5475
26020 5475
26030 5475
26040 5475
26050 5475
26060 5475
26070 5475
26080 5475
26090 5475
26100 5475
26110 5475
26120 5475
26130 5475
26140 5475
26150 5475
26160 5475
26170 5475
26180 5475
26190 5475
26200 5475
26210 5475
26220 5475
26230 5475
26240 5475
26250 5475
26260 5475
26270 5475
26280 5475
26290 5475
26300 5475
26310 5475
26320 5475
26330 5475
26340 5475
26350 5475
26360 5475
26370 5475
26380 5475
26390 5475
26400 5475
26410 5475
26420 5475
26430 5475
26440 5475
26450 5475
26460 5475
26470 5475
26480 5475
26490 5475
26500 5475
26510 5475
26520 5475
26530 5475
26540 5475
26550 5475
26560 5475
26570 5475
26580 5475
26590 5475
26600 5475
26610 5475
26620 5475
26630 5475
26640 5475
26650 5475
26660 5475
26670 5475
26680 5475
26690 5475
26700 5475
26710 5475
26720 5475
26730 5475
26740 5475
26750 5475
26760 5475
26770 5475
26780 5475
26790 5475
26800 5475
26810 5475
26820 5475
26830 5475
26840 5475
26850 5475
26860 5475
26870 5475
26880 5475
26890 5475
26900 5475
26910 5475
26920 5475
26930 5475
26940 5475
26950 5475
26960 5475
26970 5475
26980 5475
26990 5475
27000 5475
27010 5475
27020 5475
27030 5475
27040 5475
27050 5475
27060 5475
27070 5475
27080 5475
27090 5475
27100 5475
27110 5475
27120 5475
27130 5475
27140 5475
27150 5475
27160 5475
27170 5475
27180 5475
27190 5475
27200 5475
27210 5475
27220 5475
27230 5475
27240 5475
27250 5475
27260 5475
27270 5475
27280 5475
27290 5475
27300 5475
27310 5475
27320 5475
27330 5475
27340 5475
27350 5475
27360 5475
27370 5475
27380 5475
27390 5475
27400 5475
27410 5475
27420 5475
27430 5475
27440 5475
27450 5475
27460 5475
27470 5475
27480 5475
27490 5475
27500 5475
27510 5475
27520 5475
27530 5475
27540 5475
27550 5475
27560 5475
27570 5475
27580 5475
27590 5475
27600 5475
27610 5475
27620 5475
27630 5475
27640 5475
27650 5475
27660 5475
27670 5475
27680 5475
27690 5475
27700 5475
27710 5475
27720 5475
27730 5475
27740 5475
27750 5475
27760 5475
27770 5475
27780 5475
27790 5475
27800 5475
27810 5475
27820 5475
27830 5475
27840 5475
27850 5475
27860 5475
27870 5475
27880 5475
27890 5475
27900 5475
27910 5475
27920 5475
27930 5475
27940 5475
27950 5475
27960 5475
27970 5475
27980 5475
27990 5475
28000 5475
28010 5475
28020 5475
28030 5475
28040 5475
28050 5475
28060 5475
28070 5475
28080 5475
28090 5475
28100 5475
28110 5475
28120 5475
28130 5475
28140 5475
28150 5475
28160 5475
28170 5475
28180 5475
28190 5475
28200 5475
28210 5475
28220 5475
28230 5475
28240 5475
28250 5475
28260 5475
28270 5475
28280 5475
28290 5475
28300 5475
28310 5475
28320 5475
28330 5475
28340 5475
28350 5475
28360 5475
28370 5475
28380 5475
28390 5475
28400 5475
28410 5475
28420 5475
28430 5475
28440 5475
28450 5475
28460 5475
28470 5475
28480 5475
28490 5475
28500 5475
28510 5475
28520 5475
28530 5475
28540 5475
28550 5475
28560 5475
28570 5475
28580 5475
28590 5475
28600 5475
28610 5475
28620 5475
28630 5475
28640 5475
28650 5475
28660 5475
28670 5475
28680 5475
28690 5475
28700 5475
28710 5475
28720 5475
28730 5475
28740 5475
28750 5475
28760 5475
28770 5475
28780 5475
28790 5475
28800 5475
28810 5475
28820 5475
28830 5475
28840 5475
28850 5475
28860 5475
28870 5475
28880 5475
28890 5475
28900 5475
28910 5475
28920 5475
28930 5475
28940 5475
28950 5475
28960 5475
28970 5475
28980 5475
28990 5475
29000 5475
29010 5475
29020 5475
29030 5475
29040 5475
29050 5475
29060 5475
29070 5475
29080 5475
29090 5475
29100 5475
29110 5475
29120 5475
29130 5475
29140 5475
29150 5475
29160 5475
29170 5475
29180 5475
29190 5475
29200 5475
29210 5475
29220 5475
29230 5475
29240 5475
29250 5475
29260 5475
29270 5475
29280 5475
29290 5475
29300 5475
29310 5475
29320 5475
29330 5475
29340 5475
29350 5475
29360 5475
29370 5475
29380 5475
29390 5475
29400 5475
29410 5475
29420 5475
29430 5475
29440 5475
29450 5475
29460 5475
29470 5475
29480 5475
29490 5475
29500 5475
29510 5475
29520 5475
29530 5475
29540 5475
29550 5475
29560 5475
29570 5475
29580 5475
29590 5475
29600 5475
29610 5475
29620 5475
29630 5475
29640 5475
29650 5475
29660 5475
29670 5475
29680 5475
29690 5475
29700 5475
29710 5475
29720 5475
29730 5475
29740 5475
29750 5475
29760 5475
29770 5475
29780 5475
29790 5475
29800 5475
29810 5475
29820 5475
29830 5475
29840 5475
29850 5475
29860 5475
29870 5475
29880 5475
29890 5475
29900 5475
29910 5475
29920 5475
29930 5475
29940 5475
29950 5475
29960 5475
29970 5475
29980 5475
29990 5475
30000 5475
30010 5475
30020 5475
30030 5475
30040 5475
30050 5475
30060 5475
30070 5475
30080 5475
30090 5475
30100 5475
30110 5475
30120 5475
30130 5475
30140 5475
30150 5475
30160 5475
30170 5475
30180 5475
30190 5475
30200 5475
30210 5475
30220 5475
30230 5475
30240 5475
30250 5475
30260 5475
30270 5475
30280 5475
30290 5475
30300 5475
30310 5475
30320 5475
30330 5475
30340 5475
30350 5475
30360 5475
30370 5475
30380 5475
30390 5475
30400 5475
30410 5475
30420 5475
30430 5475
30440 5475
30450 5475
30460 5475
30470 5475
30480 5475
30490 5475
30500 5475
30510 5475
30520 5475
30530 5475
30540 5475
30550 5475
30560 5475
30570 5475
30580 5475
30590 5475
30600 5475
30610 5475
30620 5475
30630 5475
30640 5475
30650 5475
30660 5475
30670 5475
30680 5475
30690 5475
30700 5475
30710 5475
30720 5475
30730 5475
30740 5475
30750 5475
30760 5475
30770 5475
30780 5475
30790 5475
30800 5475
30810 5475
30820 5475
30830 5475
30840 5475
30850 5475
30860 5475
30870 5475
30880 5475
30890 5475
30900 5475
30910 5475
30920 5475
30930 5475
30940 5475
30950 5475
30960 5475
30970 5475
30980 5475
30990 5475
31000 5475
31010 5475
31020 5475
31030 5475
31040 5475
31050 5475
31060 5475
31070 5475
31080 5475
31090 5475
31100 5475
31110 5475
31120 5475
31130 5475
31140 5475
31150 5475
31160 5475
31170 5475
31180 5475
31190 5475
31200 5475
31210 5475
31220 5475
31230 5475
31240 5475
31250 5475
31260 5475
31270 5475
31280 5475
31290 5475
31300 5475
31310 5475
31320 5475
31330 5475
31340 5475
31350 5475
31360 5475
31370 5475
31380 5475
31390 5475
31400 5475
31410 5475
31420 5475
31430 5475
31440 5475
31450 5475
31460 5475
31470 5475
31480 5475
31490 5475
31500 5475
31510 5475
31520 5475
31530 5475
31540 5475
31550 5475
31560 5475
31570 5475
31580 5475
31590 5475
31600 5475
31610 5475
31620 5475
31630 5475
31640 5475
31650 5475
31660 5475
31670 5475
31680 5475
31690 5475
31700 5475
31710 5475
31720 5475
31730 5475
31740 5475
31750 5475
31760 5475
31770 5475
31780 5475
31790 5475
31800 5475
31810 5475
31820 5475
31830 5475
31840 5475
31850 5475
31860 5475
31870 5475
31880 5475
31890 5475
31900 5475
31910 5475
31920 5475
31930 5475
31940 5475
31950 5475
31960 5475
31970 5475
31980 5475
31990 5475
32000 5475
32010 5475
32020 5475
32030 5475
32040 5475
32050 5475
32060 5475
32070 5475
32080 5475
32090 5475
32100 5475
32110 5475
32120 5475
32130 5475
32140 5475
32150 5475
32160 5475
32170 5475
32180 5475
32190 5475
32200 5475
32210 5475
32220 5475
32230 5475
32240 5475
32250 5475
32260 5475
32270 5475
32280 5475
32290 5475
32300 5475
32310 5475
32320 5475
32330 5475
32340 5475
32350 5475
32360 5475
32370 5475
32380 5475
32390 5475
32400 5475
32410 5475
32420 5475
32430 5475
32440 5475
32450 5475
32460 5475
32470 5475
32480 5475
32490 5475
32500 5475
32510 5475
32520 5475
32530 5475
32540 5475
32550 5475
32560 5475
32570 5475
32580 5475
32590 5475
32600 5475
32610 5475
32620 5475
32630 5475
32640 5475
32650 5475
32660 5475
32670 5475
32680 5475
32690 5475
32700 5475
32710 5475
32720 5475
32730 5475
32740 5475
32750 5475
32760 5475
32770 5475
32780 5475
32790 5475
32800 5475
32810 5475
32820 5475
32830 5475
32840 5475
32850 5475
32860 5475
32870 5475
32880 5475
32890 5475
32900 5475
32910 5475
32920 5475
32930 5475
32940 5475
32950 5475
32960 5475
32970 5475
32980 5475
32990 5475
33000 5475
33010 5475
33020 5475
33030 5475
33040 5475
33050 5475
33060 5475
33070 5475
33080 5475
33090 5475
33100 5475
33110 5475
33120 5475
33130 5475
33140 5475
33150 5475
33160 5475
33170 5475
33180 5475
33190 5475
33200 5475
33210 5475
33220 5475
33230 5475
33240 5475
33250 5475
33260 5475
33270 5475
33280 5475
33290 5475
33300 5475
33310 5475
33320 5475
33330 5475
33340 5475
33350 5475
33360 5475
33370 5475
33380 5475
33390 5475
33400 5475
33410 5475
33420 5475
33430 5475
33440 5475
33450 5475
33460 5475
33470 5475
33480 5475
33490 5475
33500 5475
33510 5475
33520 5475
33530 5475
33540 5475
33550 5475
33560 5475
33570 5475
33580 5475
33590 5475
33600 5475
33610 5475
33620 5475
33630 5475
33640 5475
33650 5475
33660 5475
33670 5475
33680 5475
33690 5475
33700 5475
33710 5475
33720 5475
33730 5475
33740 5475
33750 5475
33760 5475
33770 5475
33780 5475
33790 5475
33800 5475
33810 5475
33820 5475
33830 5475
33840 5475
33850 5475
33860 5475
33870 5475
33880 5475
33890 5475
33900 5475
33910 5475
33920 5475
33930 5475
33940 5475
33950 5475
33960 5475
33970 5475
33980 5475
33990 5475
34000 5475
34010 5475
34020 5475
34030 5475
34040 5475
34050 5475
34060 5475
34070 5475
34080 5475
34090 5475
34100 5475
34110 5475
34120 5475
34130 5475
34140 5475
34150 5475
34160 5475
34170 5475
34180 5475
34190 5475
34200 5475
34210 5475
34220 5475
34230 5475
34240 5475
34250 5475
34260 5475
34270 5475
34280 5475
34290 5475
34300 5475
34310 5475
34320 5475
34330 5475
34340 5475
34350 5475
34360 5475
34370 5475
34380 5475
34390 5475
34400 5475
34410 5475
34420 5475
34430 5475
34440 5475
34450 5475
34460 5475
34470 5475
34480 5475
34490 5475
34500 5475
34510 5475
34520 5475
34530 5475
34540 5475
34550 5475
34560 5475
34570 5475
34580 5475
34590 5475
34600 5475
34610 5475
34620 5475
34630 5475
34640 5475
34650 5475
34660 5475
34670 5475
34680 5475
34690 5475
34700 5475
34710 5475
34720 5475
34730 5475
34740 5475
34750 5475
34760 5475
34770 5475
34780 5475
34790 5475
34800 5475
34810 5475
34820 5475
34830 5475
34840 5475
34850 5475
34860 5475
34870 5475
34880 5475
34890 5475
34900 5475
34910 5475
34920 5475
34930 5475
34940 5475
34950 5475
34960 5475
34970 5475
34980 5475
34990 5475
35000 5475
35010 5475
35020 5475
35030 5475
35040 5475
35050 5475
35060 5475
35070 5475
35080 5475
35090 5475
35100 5475
35110 5475
35120 5475
35130 5475
35140 5475
35150 5475
35160 5475
35170 5475
35180 5475
35190 5475
35200 5475
35210 5475
35220 5475
35230 5475
35240 5475
35250 5475
35260 5475
35270 5475
35280 5475
35290 5475
35300 5475
35310 5475
35320 5475
35330 5475
35340 5475
35350 5475
35360 5475
35370 5475
35380 5475
35390 5475
35400 5475
35410 5475
35420 5475
35430 5475
35440 5475
35450 5475
35460 5475
35470 5475
35480 5475
35490 5475
35500 5475
35510 5475
35520 5475
35530 5475
35540 5475
35550 5475
35560 5475
35570 5475
35580 5475
35590 5475
35600 5475
35610 5475
35620 5475
35630 5475
35640 5475
35650 5475
35660 5475
35670 5475
35680 5475
35690 5475
35700 5475
35710 5475
35720 5475
35730 5475
35740 5475
35750 5475
35760 5475
35770 5475
35780 5475
35790 5475
35800 5475
35810 5475
35820 5475
35830 5475
35840 5475
35850 5475
35860 5475
35870 5475
35880 5475
35890 5475
35900 5475
35910 5475
35920 5475
35930 5475
35940 5475
35950 5475
35960 5475
35970 5475
35980 5475
35990 5475
36000 5475
36010 5475
36020 5475
36030 5475
36040 5475
36050 5475
36060 5475
36070 5475
36080 5475
36090 5475
36100 5475
36110 5475
36120 5475
36130 5475
36140 5475
36150 5475
36160 5475
36170 5475
36180 5475
36190 5475
36200 5475
36210 5475
36220 5475
36230 5475
36240 5475
36250 5475
36260 5475
36270 5475
36280 5475
36290 5475
36300 5475
36310 5475
36320 5475
36330 5475
36340 5475
36350 5475
36360 5475
36370 5475
36380 5475
36390 5475
36400 5475
36410 5475
36420 5475
36430 5475
36440 5475
36450 5475
36460 5475
36470 5475
36480 5475
36490 5475
36500 5475
36510 5475
36520 5475
36530 5475
36540 5475
36550 5475
36560 5475
36570 5475
36580 5475
36590 5475
36600 5475
36610 5475
36620 5475
36630 5475
36640 5475
36650 5475
36660 5475
36670 5475
36680 5475
36690 5475
36700 5475
36710 5475
36720 5475
36730 5475
36740 5475
36750 5475
36760 5475
36770 5475
36780 5475
36790 5475
36800 5475
36810 5475
36820 5475
36830 5475
36840 5475
36850 5475
36860 5475
36870 5475
36880 5475
36890 5475
36900 5475
36910 5475
36920 5475
36930 5475
36940 5475
36950 5475
36960 5475
36970 5475
36980 5475
36990 5475
37000 5475
37010 5475
37020 5475
37030 5475
37040 5475
37050 5475
37060 5475
37070 5475
37080 5475
37090 5475
37100 5475
37110 5475
37120 5475
37130 5475
37140 5475
37150 5475
37160 5475
37170 5475
37180 5475
37190 5475
37200 5475
37210 5475
37220 5475
37230 5475
37240 5475
37250 5475
37260 5475
37270 5475
37280 5475
37290 5475
37300 5475
37310 5475
37320 5475
37330 5475
37340 5475
37350 5475
37360 5475
37370 5475
37380 5475
37390 5475
37400 5475
37410 5475
37420 5475
37430 5475
37440 5475
37450 5475
37460 5475
37470 5475
37480 5475
37490 5475
37500 5475
37510 5475
37520 5475
37530 5475
37540 5475
37550 5475
37560 5475
37570 5475
37580 5475
37590 5475
37600 5475
37610 5475
37620 5475
37630 5475
37640 5475
37650 5475
37660 5475
37670 5475
37680 5475
37690 5475
37700 5475
37710 5475
37720 5475
37730 5475
37740 5475
37750 5475
37760 5475
37770 5475
37780 5475
37790 5475
37800 5475
37810 5475
37820 5475
37830 5475
37840 5475
37850 5475
37860 5475
37870 5475
37880 5475
37890 5475
37900 5475
37910 5475
37920 5475
37930 5475
37940 5475
37950 5475
37960 5475
37970 5475
37980 5475
37990 5475
38000 5475
38010 5475
38020 5475
38030 5475
38040 5475
38050 5475
38060 5475
38070 5475
38080 5475
38090 5475
38100 5475
38110 5475
38120 5475
38130 5475
38140 5475
38150 5475
38160 5475
38170 5475
38180 5475
38190 5475
38200 5475
38210 5475
38220 5475
38230 5475
38240 5475
38250 5475
38260 5475
38270 5475
38280 5475
38290 5475
38300 5475
38310 5475
38320 5475
38330 5475
38340 5475
38350 5475
38360 5475
38370 5475
38380 5475
38390 5475
38400 5475
38410 5475
38420 5475
38430 5475
38440 5475
38450 5475
38460 5475
38470 5475
38480 5475
38490 5475
38500 5475
38510 5475
38520 5475
38530 5475
38540 5475
38550 5475
38560 5475
38570 5475
38580 5475
38590 5475
38600 5475
38610 5475
38620 5475
38630 5475
38640 5475
38650 5475
38660 5475
38670 5475
38680 5475
38690 5475
38700 5475
38710 5475
38720 5475
38730 5475
38740 5475
38750 5475
38760 5475
38770 5475
38780 5475
38790 5475
38800 5475
38810 5475
38820 5475
38830 5475
38840 5475
38850 5475
38860 5475
38870 5475
38880 5475
38890 5475
38900 5475
38910 5475
38920 5475
38930 5475
38940 5475
38950 5475
38960 5475
38970 5475
38980 5475
38990 5475
39000 5475
39010 5475
39020 5475
39030 5475
39040 5475
39050 5475
39060 5475
39070 5475
39080 5475
39090 5475
39100 5475
39110 5475
39120 5475
39130 5475
39140 5475
39150 5475
39160 5475
39170 5475
39180 5475
39190 5475
39200 5475
39210 5475
39220 5475
39230 5475
39240 5475
39250 5475
39260 5475
39270 5475
39280 5475
39290 5475
39300 5475
39310 5475
39320 5475
39330 5475
39340 5475
39350 5475
39360 5475
39370 5475
39380 5475
39390 5475
39400 5475
39410 5475
39420 5475
39430 5475
39440 5475
39450 5475
39460 5475
39470 5475
39480 5475
39490 5475
39500 5475
39510 5475
39520 5475
39530 5475
39540 5475
39550 5475
39560 5475
39570 5475
39580 5475
39590 5475
39600 5475
39610 5475
39620 5475
39630 5475
39640 5475
39650 5475
39660 5475
39670 5475
39680 5475
39690 5475
39700 5475
39710 5475
39720 5475
39730 5475
39740 5475
39750 5475
39760 5475
39770 5475
39780 5475
39790 5475
39800 5475
39810 5475
39820 5475
39830 5475
39840 5475
39850 5475
39860 5475
39870 5475
39880 5475
39890 5475
39900 5475
39910 5475
39920 5475
39930 5475
39940 5475
39950 5475
39960 5475
39970 5475
39980 5475
39990 5475
40000 5475
40010 5475
40020 5475
40030 5475
40040 5475
40050 5475
40060 5475
40070 5475
40080 5475
40090 5475
40100 5475
40110 5475
40120 5475
40130 5475
40140 5475
40150 5475
40160 5475
40170 5475
40180 5475
40190 5475
40200 5475
40210 5475
40220 5475
40230 5475
40240 5475
40250 5475
40260 5475
40270 5475
40280 5475
40290 5475
40300 5475
40310 5475
40320 5475
40330 5475
40340 5475
40350 5475
40360 5475
40370 5475
40380 5475
40390 5475
40400 5475
40410 5475
40420 5475
40430 5475
40440 5475
40450 5475
40460 5475
40470 5475
40480 5475
40490 5475
40500 5475
40510 5475
40520 5475
40530 5475
40540 5475
40550 5475
40560 5475
40570 5475
40580 5475
40590 5475
40600 5475
40610 5475
40620 5475
40630 5475
40640 5475
40650 5475
40660 5475
40670 5475
40680 5475
40690 5475
40700 5475
40710 5475
40720 5475
40730 5475
40740 5475
40750 5475
40760 5475
40770 5475
40780 5475
40790 5475
40800 5475
40810 5475
40820 5475
40830 5475
40840 5475
40850 5475
40860 5475
40870 5475
40880 5475
40890 5475
40900 5475
40910 5475
40920 5475
40930 5475
40940 5475
40950 5475
40960 5475
40970 5475
40980 5475
40990 5475
41000 5475
41010 5475
41020 5475
41030 5475
41040 5475
41050 5475
41060 5475
41070 5475
41080 5475
41090 5475
41100 5475
41110 5475
41120 5475
41130 5475
41140 5475
41150 5475
41160 5475
41170 5475
41180 5475
41190 5475
41200 5475
41210 5475
41220 5475
41230 5475
41240 5475
41250 5475
41260 5475
41270 5475
41280 5475
41290 5475
41300 5475
41310 5475
41320 5475
41330 5475
41340 5475
41350 5475
41360 5475
41370 5475
41380 5475
41390 5475
41400 5475
41410 5475
41420 5475
41430 5475
41440 5475
41450 5475
41460 5475
41470 5475
41480 5475
41490 5475
41500 5475
41510 5475
41520 5475
41530 5475
41540 5475
41550 5475
41560 5475
41570 5475
41580 5475
41590 5475
41600 5475
41610 5475
41620 5475
41630 5475
41640 5475
41650 5475
41660 5475
41670 5475
41680 5475
41690 5475
41700 5475
41710 5475
41720 5475
41730 5475
41740 5475
41750 5475
41760 5475
41770 5475
41780 5475
41790 5475
41800 5475
41810 5475
41820 5475
41830 5475
41840 5475
41850 5475
41860 5475
41870 5475
41880 5475
41890 5475
41900 5475
41910 5475
41920 5475
41930 5475
41940 5475
41950 5475
41960 5475
41970 5475
41980 5475
41990 5475
42000 5475
42010 5475
42020 5475
42030 5475
42040 5475
42050 5475
42060 5475
42070 5475
42080 5475
42090 5475
42100 5475
42110 5475
42120 5475
42130 5475
42140 5475
42150 5475
42160 5475
42170 5475
42180 5475
42190 5475
42200 5475
42210 5475
42220 5475
42230 5475
42240 5475
42250 5475
42260 5475
42270 5475
42280 5475
42290 5475
42300 5475
42310 5475
42320 5475
42330 5475
42340 5475
42350 5475
42360 5475
42370 5475
42380 5475
42390 5475
42400 5475
42410 5475
42420 5475
42430 5475
42440 5475
42450 5475
42460 5475
42470 5475
42480 5475
42490 5475
42500 5475
42510 5475
42520 5475
42530 5475
42540 5475
42550 5475
42560 5475
42570 5475
42580 5475
42590 5475
42600 5475
42610 5475
42620 5475
42630 5475
42640 5475
42650 5475
42660 5475
42670 5475
42680 5475
42690 5475
42700 5475
42710 5475
42720 5475
42730 5475
42740 5475
42750 5475
42760 5475
42770 5475
42780 5475
42790 5475
42800 5475
42810 5475
42820 5475
42830 5475
42840 5475
42850 5475
42860 5475
42870 5475
42880 5475
42890 5475
42900 5475
42910 5475
42920 5475
42930 5475
42940 5475
42950 5475
42960 5475
42970 5475
42980 5475
42990 5475
43000 5475
43010 5475
43020 5475
43030 5475
43040 5475
43050 5475
43060 5475
43070 5475
43080 5475
43090 5475
43100 5475
43110 5475
43120 5475
43130 5475
43140 5475
43150 5475
43160 5475
43170 5475
43180 5475
43190 5475
43200 5475
43210 5475
43220 5475
43230 5475
43240 5475
43250 5475
43260 5475
43270 5475
43280 5475
43290 5475
43300 5475
43310 5475
43320 5475
43330 5475
43340 5475
43350 5475
43360 5475
43370 5475
43380 5475
43390 5475
43400 5475
43410 5475
43420 5475
43430 5475
43440 5475
43450 5475
43460 5475
43470 5475
43480 5475
43490 5475
43500 5475
43510 5475
43520 5475
43530 5475
43540 5475
43550 5475
43560 5475
43570 5475
43580 5475
43590 5475
43600 5475
43610 5475
43620 5475
43630 5475
43640 5475
43650 5475
43660 5475
43670 5475
43680 5475
43690 5475
43700 5475
43710 5475
43720 5475
43730 5475
43740 5475
43750 5475
43760 5475
43770 5475
43780 5475
43790 5475
43800 5475
43810 5475
43820 5475
43830 5475
43840 5475
43850 5475
43860 5475
43870 5475
43880 5475
43890 5475
43900 5475
43910 5475
43920 5475
43930 5475
43940 5475
43950 5475
43960 5475
43970 5475
43980 5475
43990 5475
44000 5475
44010 5475
44020 5475
44030 5475
44040 5475
44050 5475
44060 5475
44070 5475
44080 5475
44090 5475
44100 5475
44110 5475
44120 5475
44130 5475
44140 5475
44150 5475
44160 5475
44170 5475
44180 5475
44190 5475
44200 5475
44210 5475
44220 5475
44230 5475
44240 5475
44250 5475
44260 5475
44270 5475
44280 5475
44290 5475
44300 5475
44310 5475
44320 5475
44330 5475
44340 5475
44350 5475
44360 5475
44370 5475
44380 5475
44390 5475
44400 5475
44410 5475
44420 5475
44430 5475
44440 5475
44450 5475
44460 5475
44470 5475
44480 5475
44490 5475
44500 5475
44510 5475
44520 5475
44530 5475
44540 5475
44550 5475
44560 5475
44570 5475
44580 5475
44590 5475
44600 5475
44610 5475
44620 5475
44630 5475
44640 5475
44650 5475
44660 5475
44670 5475
44680 5475
44690 5475
44700 5475
44710 5475
44720 5475
44730 5475
44740 5475
44750 5475
44760 5475
44770 5475
44780 5475
44790 5475
44800 5475
44810 5475
44820 5475
44830 5475
44840 5475
44850 5475
44860 5475
44870 5475
44880 5475
44890 5475
44900 5475
44910 5475
44920 5475
44930 5475
44940 5475
44950 5475
44960 5475
44970 5475
44980 5475
44990 5475
45000 5475
45010 5475
45020 5475
45030 5475
45040 5475
45050 5475
45060 5475
45070 5475
45080 5475
45090 5475
45100 5475
45110 5475
45120 5475
45130 5475
45140 5475
45150 5475
45160 5475
45170 5475
45180 5475
45190 5475
45200 5475
45210 5475
45220 5475
45230 5475
45240 5475
45250 5475
45260 5475
45270 5475
45280 5475
45290 5475
45300 5475
45310 5475
45320 5475
45330 5475
45340 5475
45350 5475
45360 5475
45370 5475
45380 5475
45390 5475
45400 5475
45410 5475
45420 5475
45430 5475
45440 5475
45450 5475
45460 5475
45470 5475
45480 5475
45490 5475
45500 5475
45510 5475
45520 5475
45530 5475
45540 5475
45550 5475
45560 5475
45570 5475
45580 5475
45590 5475
45600 5475
45610 5475
45620 5475
45630 5475
45640 5475
45650 5475
45660 5475
45670 5475
45680 5475
45690 5475
45700 5475
45710 5475
45720 5475
45730 5475
45740 5475
45750 5475
45760 5475
45770 5475
45780 5475
45790 5475
45800 5475
45810 5475
45820 5475
45830 5475
45840 5475
45850 5475
45860 5475
45870 5475
45880 5475
45890 5475
45900 5475
45910 5475
45920 5475
45930 5475
45940 5475
45950 5475
45960 5475
45970 5475
45980 5475
45990 5475
46000 5475
46010 5475
46020 5475
46030 5475
46040 5475
46050 5475
46060 5475
46070 5475
46080 5475
46090 5475
46100 5475
46110 5475
46120 5475
46130 5475
46140 5475
46150 5475
46160 5475
46170 5475
46180 5475
46190 5475
46200 5475
46210 5475
46220 5475
46230 5475
46240 5475
46250 5475
46260 5475
46270 5475
46280 5475
46290 5475
46300 5475
46310 5475
46320 5475
46330 5475
46340 5475
46350 5475
46360 5475
46370 5475
46380 5475
46390 5475
46400 5475
46410 5475
46420 5475
46430 5475
46440 5475
46450 5475
46460 5475
46470 5475
46480 5475
46490 5475
46500 5475
46510 5475
46520 5475
46530 5475
46540 5475
46550 5475
46560 5475
46570 5475
46580 5475
46590 5475
46600 5475
46610 5475
46620 5475
46630 5475
46640 5475
46650 5475
46660 5475
46670 5475
46680 5475
46690 5475
46700 5475
46710 5475
46720 5475
46730 5475
46740 5475
46750 5475
46760 5475
46770 5475
46780 5475
46790 5475
46800 5475
46810 5475
46820 5475
46830 5475
46840 5475
46850 5475
46860 5475
46870 5475
46880 5475
46890 5475
46900 5475
46910 5475
46920 5475
46930 5475
46940 5475
46950 5475
46960 5475
46970 5475
46980 5475
46990 5475
47000 5475
47010 5475
47020 5475
47030 5475
47040 5475
47050 5475
47060 5475
47070 5475
47080 5475
47090 5475
47100 5475
47110 5475
47120 5475
47130 5475
47140 5475
47150 5475
47160 5475
47170 5475
47180 5475
47190 5475
47200 5475
47210 5475
47220 5475
47230 5475
47240 5475
47250 5475
47260 5475
47270 5475
47280 5475
47290 5475
47300 5475
47310 5475
47320 5475
47330 5475
47340 5475
47350 5475
47360 5475
47370 5475
47380 5475
47390 5475
47400 5475
47410 5475
47420 5475
47430 5475
47440 5475
47450 5475
47460 5475
47470 5475
47480 5475
47490 5475
47500 5475
47510 5475
47520 5475
47530 5475
47540 5475
47550 5475
47560 5475
47570 5475
47580 5475
47590 5475
47600 5475
47610 5475
47620 5475
47630 5475
47640 5475
47650 5475
47660 5475
47670 5475
47680 5475
47690 5475
47700 5475
47710 5475
47720 5475
47730 5475
47740 5475
47750 5475
47760 5475
47770 5475
47780 5475
47790 5475
47800 5475
47810 5475
47820 5475
47830 5475
47840 5475
47850 5475
47860 5475
47870 5475
47880 5475
47890 5475
47900 5475
47910 5475
47920 5475
47930 5475
47940 5475
47950 5475
47960 5475
47970 5475
47980 5475
47990 5475
48000 5475
48010 5475
48020 5475
48030 5475
48040 5475
48050 5475
48060 5475
48070 5475
48080 5475
48090 5475
48100 5475
48110 5475
48120 5475
48130 5475
48140 5475
48150 5475
48160 5475
48170 5475
48180 5475
48190 5475
48200 5475
48210 5475
48220 5475
48230 5475
48240 5475
48250 5475
48260 5475
48270 5475
48280 5475
48290 5475
48300 5475
48310 5475
48320 5475
48330 5475
48340 5475
48350 5475
48360 5475
48370 5475
48380 5475
48390 5475
48400 5475
48410 5475
48420 5475
48430 5475
48440 5475
48450 5475
48460 5475
48470 5475
48480 5475
48490 5475
48500 5475
48510 5475
48520 5475
48530 5475
48540 5475
48550 5475
48560 5475
48570 5475
48580 5475
48590 5475
48600 5475
48610 5475
48620 5475
48630 5475
48640 5475
48650 5475
48660 5475
48670 5475
48680 5475
48690 5475
48700 5475
48710 5475
48720 5475
48730 5475
48740 5475
48750 5475
48760 5475
48770 5475
48780 5475
48790 5475
48800 5475
48810 5475
48820 5475
48830 5475
48840 5475
48850 5475
48860 5475
48870 5475
48880 5475
48890 5475
48900 5475
48910 5475
48920 5475
48930 5475
48940 5475
48950 5475
48960 5475
48970 5475
48980 5475
48990 5475
49000 5475
49010 5475
49020 5475
49030 5475
49040 5475
49050 5475
49060 5475
49070 5475
49080 5475
49090 5475
49100 5475
49110 5475
49120 5475
49130 5475
49140 5475
49150 5475
49160 5475
49170 5475
49180 5475
49190 5475
49200 5475
49210 5475
49220 5475
49230 5475
49240 5475
49250 5475
49260 5475
49270 5475
49280 5475
49290 5475
49300 5475
49310 5475
49320 5475
49330 5475
49340 5475
49350 5475
49360 5475
49370 5475
49380 5475
49390 5475
49400 5475
49410 5475
49420 5475
49430 5475
49440 5475
49450 5475
49460 5475
49470 5475
49480 5475
49490 5475
49500 5475
49510 5475
49520 5475
49530 5475
49540 5475
49550 5475
49560 5475
49570 5475
49580 5475
49590 5475
49600 5475
49610 5475
49620 5475
49630 5475
49640 5475
49650 5475
49660 5475
49670 5475
49680 5475
49690 5475
49700 5475
49710 5475
49720 5475
49730 5475
49740 5475
49750 5475
49760 5475
49770 5475
49780 5475
49790 5475
49800 5475
49810 5475
49820 5475
49830 5475
49840 5475
49850 5475
49860 5475
49870 5475
49880 5475
49890 5475
49900 5475
49910 5475
49920 5475
49930 5475
49940 5475
49950 5475
49960 5475
49970 5475
49980 5475
49990 5475
50000 5475
50010 5475
50020 5475
50030 5475
50040 5475
50050 5475
50060 5475
50070 5475
50080 5475
50090 5475
50100 5475
50110 5475
50120 5475
50130 5475
50140 5475
50150 5475
50160 5475
50170 5475
50180 5475
50190 5475
50200 5475
50210 5475
50220 5475
50230 5475
50240 5475
50250 5475
50260 5475
50270 5475
50280 5475
50290 5475
50300 5475
50310 5475
50320 5475
50330 5475
50340 5475
50350 5475
50360 5475
50370 5475
50380 5475
50390 5475
50400 5475
50410 5475
50420 5475
50430 5475
50440 5475
50450 5475
50460 5475
50470 5475
50480 5475
50490 5475
50500 5475
50510 5475
50520 5475
50530 5475
50540 5475
50550 5475
50560 5475
50570 5475
50580 5475
50590 5475
50600 5475
50610 5475
50620 5475
50630 5475
50640 5475
50650 5475
50660 5475
50670 5475
50680 5475
50690 5475
50700 5475
50710 5475
50720 5475
50730 5475
50740 5475
50750 5475
50760 5475
50770 5475
50780 5475
50790 5475
50800 5475
50810 5475
50820 5475
50830 5475
50840 5475
50850 5475
50860 5475
50870 5475
50880 5475
50890 5475
50900 5475
50910 5475
50920 5475
50930 5475
50940 5475
50950 5475
50960 5475
50970 5475
50980 5475
50990 5475
51000 5475
51010 5475
51020 5475
51030 5475
51040 5475
51050 5475
51060 5475
51070 5475
51080 5475
51090 5475
51100 5475
51110 5475
51120 5475
51130 5475
51140 5475
51150 5475
51160 5475
51170 5475
51180 5475
51190 5475
51200 5475
51210 5475
51220 5475
51230 5475
51240 5475
51250 5475
51260 5475
51270 5475
51280 5475
51290 5475
51300 5475
51310 5475
51320 5475
51330 5475
51340 5475
51350 5475
51360 5475
51370 5475
51380 5475
51390 5475
51400 5475
51410 5475
51420 5475
51430 5475
51440 5475
51450 5475
51460 5475
51470 5475
51480 5475
51490 5475
51500 5475
51510 5475
51520 5475
51530 5475
51540 5475
51550 5475
51560 5475
51570 5475
51580 5475
51590 5475
51600 5475
51610 5475
51620 5475
51630 5475
51640 5475
51650 5475
51660 5475
51670 5475
51680 5475
51690 5475
51700 5475
51710 5475
51720 5475
51730 5475
51740 5475
51750 5475
51760 5475
51770 5475
51780 5475
51790 5475
51800 5475
51810 5475
51820 5475
51830 5475
51840 5475
51850 5475
51860 5475
51870 5475
51880 5475
51890 5475
51900 5475
51910 5475
51920 5475
51930 5475
51940 5475
51950 5475
51960 5475
51970 5475
51980 5475
51990 5475
52000 5475
52010 5475
52020 5475
52030 5475
52040 5475
52050 5475
52060 5475
52070 5475
52080 5475
52090 5475
52100 5475
52110 5475
52120 5475
52130 5475
52140 5475
52150 5475
52160 5475
52170 5475
52180 5475
52190 5475
52200 5475
52210 5475
52220 5475
52230 5475
52240 5475
52250 5475
52260 5475
52270 5475
52280 5475
52290 5475
52300 5475
52310 5475
52320 5475
52330 5475
52340 5475
52350 5475
52360 5475
52370 5475
52380 5475
52390 5475
52400 5475
52410 5475
52420 5475
52430 5475
52440 5475
52450 5475
52460 5475
52470 5475
52480 5475
52490 5475
52500 5475
52510 5475
52520 5475
52530 5475
52540 5475
52550 5475
52560 5475
52570 5475
52580 5475
52590 5475
52600 5475
52610 5475
52620 5475
52630 5475
52640 5475
52650 5475
52660 5475
52670 5475
52680 5475
52690 5475
52700 5475
52710 5475
52720 5475
52730 5475
52740 5475
52750 5475
52760 5475
52770 5475
52780 5475
52790 5475
52800 5475
52810 5475
52820 5475
52830 5475
52840 5475
52850 5475
52860 5475
52870 5475
52880 5475
52890 5475
52900 5475
52910 5475
52920 5475
52930 5475
52940 5475
52950 5475
52960 5475
52970 5475
52980 5475
52990 5475
53000 5475
53010 5475
53020 5475
53030 5475
53040 5475
53050 5475
53060 5475
53070 5475
53080 5475
53090 5475
53100 5475
53110 5475
53120 5475
53130 5475
53140 5475
53150 5475
53160 5475
53170 5475
53180 5475
53190 5475
53200 5475
53210 5475
53220 5475
53230 5475
53240 5475
53250 5475
53260 5475
53270 5475
53280 5475
53290 5475
53300 5475
53310 5475
53320 5475
53330 5475
53340 5475
53350 5475
53360 5475
53370 5475
53380 5475
53390 5475
53400 5475
53410 5475
53420 5475
53430 5475
53440 5475
53450 5475
53460 5475
53470 5475
53480 5475
53490 5475
53500 5475
53510 5475
53520 5475
53530 5475
53540 5475
53550 5475
53560 5475
53570 5475
53580 5475
53590 5475
53600 5475
53610 5475
53620 5475
53630 5475
53640 5475
53650 5475
53660 5475
53670 5475
53680 5475
53690 5475
53700 5475
53710 5475
53720 5475
53730 5475
53740 5475
53750 5475
53760 5475
53770 5475
53780 5475
53790 5475
53800 5475
53810 5475
53820 5475
53830 5475
53840 5475
53850 5475
53860 5475
53870 5475
53880 5475
53890 5475
53900 5475
53910 5475
53920 5475
53930 5475
53940 5475
53950 5475
53960 5475
53970 5475
53980 5475
53990 5475
54000 5475
54010 5475
54020 5475
54030 5475
54040 5475
54050 5475
54060 5475
54070 5475
54080 5475
54090 5475
54100 5475
54110 5475
54120 5475
54130 5475
54140 5475
54150 5475
54160 5475
54170 5475
54180 5475
54190 5475
54200 5475
54210 5475
54220 5475
54230 5475
54240 5475
54250 5475
54260 5475
54270 5475
54280 5475
54290 5475
54300 5475
54310 5475
54320 5475
54330 5475
54340 5475
54350 5475
54360 5475
54370 5475
54380 5475
54390 5475
54400 5475
54410 5475
54420 5475
54430 5475
54440 5475
54450 5475
54460 5475
54470 5475
54480 5475
54490 5475
54500 5475
54510 5475
54520 5475
54530 5475
54540 5475
54550 5475
54560 5475
54570 5475
54580 5475
54590 5475
54600 5475
54610 5475
54620 5475
54630 5475
54640 5475
54650 5475
54660 5475
54670 5475
54680 5475
54690 5475
54700 5475
54710 5475
54720 5475
54730 5475
54740 5475
54750 5475
54760 5475
54770 5475
54780 5475
54790 5475
54800 5475
54810 5475
54820 5475
54830 5475
54840 5475
54850 5475
54860 5475
54870 5475
54880 5475
54890 5475
54900 5475
54910 5475
54920 5475
54930 5475
54940 5475
54950 5475
54960 5475
54970 5475
54980 5475
54990 5475
55000 5475
55010 5475
55020 5475
55030 5475
55040 5475
55050 5475
55060 5475
55070 5475
55080 5475
55090 5475
55100 5475
55110 5475
55120 5475
55130 5475
55140 5475
55150 5475
55160 5475
55170 5475
55180 5475
55190 5475
55200 5475
55210 5475
55220 5475
55230 5475
55240 5475
55250 5475
55260 5475
55270 5475
55280 5475
55290 5475
55300 5475
55310 5475
55320 5475
55330 5475
55340 5475
55350 5475
55360 5475
55370 5475
55380 5475
55390 5475
55400 5475
55410 5475
55420 5475
55430 5475
55440 5475
55450 5475
55460 5475
55470 5475
55480 5475
55490 5475
55500 5475
55510 5475
55520 5475
55530 5475
55540 5475
55550 5475
55560 5475
55570 5475
55580 5475
55590 5475
55600 5475
55610 5475
55620 5475
55630 5475
55640 5475
55650 5475
55660 5475
55670 5475
55680 5475
55690 5475
55700 5475
55710 5475
55720 5475
55730 5475
55740 5475
55750 5475
55760 5475
55770 5475
55780 5475
55790 5475
55800 5475
55810 5475
55820 5475
55830 5475
55840 5475
55850 5475
55860 5475
55870 5475
55880 5475
55890 5475
55900 5475
55910 5475
55920 5475
55930 5475
55940 5475
55950 5475
55960 5475
55970 5475
55980 5475
55990 5475
56000 5475
56010 5475
56020 5475
56030 5475
56040 5475
56050 5475
56060 5475
56070 5475
56080 5475
56090 5475
56100 5475
56110 5475
56120 5475
56130 5475
56140 5475
56150 5475
56160 5475
56170 5475
56180 5475
56190 5475
56200 5475
56210 5475
56220 5475
56230 5475
56240 5475
56250 5475
56260 5475
56270 5475
56280 5475
56290 5475
56300 5475
56310 5475
56320 5475
56330 5475
56340 5475
56350 5475
56360 5475
56370 5475
56380 5475
56390 5475
56400 5475
56410 5475
56420 5475
56430 5475
56440 5475
56450 5475
56460 5475
56470 5475
56480 5475
56490 5475
56500 5475
56510 5475
56520 5475
56530 5475
56540 5475
56550 5475
56560 5475
56570 5475
56580 5475
56590 5475
56600 5475
56610 5475
56620 5475
56630 5475
56640 5475
56650 5475
56660 5475
56670 5475
56680 5475
56690 5475
56700 5475
56710 5475
56720 5475
56730 5475
56740 5475
56750 5475
56760 5475
56770 5475
56780 5475
56790 5475
56800 5475
56810 5475
56820 5475
56830 5475
56840 5475
56850 5475
56860 5475
56870 5475
56880 5475
56890 5475
56900 5475
56910 5475
56920 5475
56930 5475
56940 5475
56950 5475
56960 5475
56970 5475
56980 5475
56990 5475
57000 5475
57010 5475
57020 5475
57030 5475
57040 5475
57050 5475
57060 5475
57070 5475
57080 5475
57090 5475
57100 5475
57110 5475
57120 5475
57130 5475
57140 5475
57150 5475
57160 5475
57170 5475
57180 5475
57190 5475
57200 5475
57210 5475
57220 5475
57230 5475
57240 5475
57250 5475
57260 5475
57270 5475
57280 5475
57290 5475
57300 5475
57310 5475
57320 5475
57330 5475
57340 5475
57350 5475
57360 5475
57370 5475
57380 5475
57390 5475
57400 5475
57410 5475
57420 5475
57430 5475
57440 5475
57450 5475
57460 5475
57470 5475
57480 5475
57490 5475
57500 5475
57510 5475
57520 5475
57530 5475
57540 5475
57550 5475
57560 5475
57570 5475
57580 5475
57590 5475
57600 5475
57610 5475
57620 5475
57630 5475
57640 5475
57650 5475
57660 5475
57670 5475
57680 5475
57690 5475
57700 5475
57710 5475
57720 5475
57730 5475
57740 5475
57750 5475
57760 5475
57770 5475
57780 5475
57790 5475
57800 5475
57810 5475
57820 5475
57830 5475
57840 5475
57850 5475
57860 5475
57870 5475
57880 5475
57890 5475
57900 5475
57910 5475
57920 5475
57930 5475
57940 5475
57950 5475
57960 5475
57970 5475
57980 5475
57990 5475
58000 5475
58010 5475
58020 5475
58030 5475
58040 5475
58050 5475
58060 5475
58070 5475
58080 5475
58090 5475
58100 5475
58110 5475
58120 5475
58130 5475
58140 5475
58150 5475
58160 5475
58170 5475
58180 5475
58190 5475
58200 5475
58210 5475
58220 5475
58230 5475
58240 5475
58250 5475
58260 5475
58270 5475
58280 5475
58290 5475
58300 5475
58310 5475
58320 5475
58330 5475
58340 5475
58350 5475
58360 5475
58370 5475
58380 5475
58390 5475
58400 5475
58410 5475
58420 5475
58430 5475
58440 5475
58450 5475
58460 5475
58470 5475
58480 5475
58490 5475
58500 5475
58510 5475
58520 5475
58530 5475
58540 5475
58550 5475
58560 5475
58570 5475
58580 5475
58590 5475
58600 5475
58610 5475
58620 5475
58630 5475
58640 5475
58650 5475
58660 5475
58670 5475
58680 5475
58690 5475
58700 5475
58710 5475
58720 5475
58730 5475
58740 5475
58750 5475
58760 5475
58770 5475
58780 5475
58790 5475
58800 5475
58810 5475
58820 5475
58830 5475
58840 5475
58850 5475
58860 5475
58870 5475
58880 5475
58890 5475
58900 5475
58910 5475
58920 5475
58930 5475
58940 5475
58950 5475
58960 5475
58970 5475
58980 5475
58990 5475
59000 5475
59010 5475
59020 5475
59030 5475
59040 5475
59050 5475
59060 5475
59070 5475
59080 5475
59090 5475
59100 5475
59110 5475
59120 5475
59130 5475
59140 5475
59150 5475
59160 5475
59170 5475
59180 5475
59190 5475
59200 5475
59210 5475
59220 5475
59230 5475
59240 5475
59250 5475
59260 5475
59270 5475
59280 5475
59290 5475
59300 5475
59310 5475
59320 5475
59330 5475
59340 5475
59350 5475
59360 5475
59370 5475
59380 5475
59390 5475
59400 5475
59410 5475
59420 5475
59430 5475
59440 5475
59450 5475
59460 5475
59470 5475
59480 5475
59490 5475
59500 5475
59510 5475
59520 5475
59530 5475
59540 5475
59550 5475
59560 5475
59570 5475
59580 5475
59590 5475
59600 5475
59610 5475
59620 5475
59630 5475
59640 5475
59650 5475
59660 5475
59670 5475
59680 5475
59690 5475
59700 5475
59710 5475
59720 5475
59730 5475
59740 5475
59750 5475
59760 5475
59770 5475
59780 5475
59790 5475
59800 5475
59810 5475
59820 5475
59830 5475
59840 5475
59850 5475
59860 5475
59870 5475
59880 5475
59890 5475
59900 5475
59910 5475
59920 5475
59930 5475
59940 5475
59950 5475
59960 5475
59970 5475
59980 5475
59990 5475
60000 5475
60010 5475
60020 5475
60030 5475
60040 5475
60050 5475
60060 5475
60070 5475
60080 5475
60090 5475
60100 5475
60110 5475
60120 5475
60130 5475
60140 5475
60150 5475
60160 5475
60170 5475
60180 5475
60190 5475
60200 5475
60210 5475
60220 5475
60230 5475
60240 5475
60250 5475
60260 5475
60270 5475
60280 5475
60290 5475
60300 5475
60310 5475
60320 5475
60330 5475
60340 5475
60350 5475
60360 5475
60370 5475
60380 5475
60390 5475
60400 5475
60410 5475
60420 5475
60430 5475
60440 5475
60450 5475
60460 5475
60470 5475
60480 5475
60490 5475
60500 5475
60510 5475
60520 5475
60530 5475
60540 5475
60550 5475
60560 5475
60570 5475
60580 5475
60590 5475
60600 5475
60610 5475
60620 5475
60630 5475
60640 5475
60650 5475
60660 5475
60670 5475
60680 5475
60690 5475
60700 5475
60710 5475
60720 5475
60730 5475
60740 5475
60750 5475
60760 5475
60770 5475
60780 5475
60790 5475
60800 5475
60810 5475
60820 5475
60830 5475
60840 5475
60850 5475
60860 5475
60870 5475
60880 5475
60890 5475
60900 5475
60910 5475
60920 5475
60930 5475
60940 5475
60950 5475
60960 5475
60970 5475
60980 5475
60990 5475
61000 5475
61010 5475
61020 5475
61030 5475
61040 5475
61050 5475
61060 5475
61070 5475
61080 5475
61090 5475
61100 5475
61110 5475
61120 5475
61130 5475
61140 5475
61150 5475
61160 5475
61170 5475
61180 5475
61190 5475
61200 5475
61210 5475
61220 5475
61230 5475
61240 5475
61250 5475
61260 5475
61270 5475
61280 5475
61290 5475
61300 5475
61310 5475
61320 5475
61330 5475
61340 5475
61350 5475
61360 5475
61370 5475
61380 5475
61390 5475
61400 5475
61410 5475
61420 5475
61430 5475
61440 5475
61450 5475
61460 5475
61470 5475
61480 5475
61490 5475
61500 5475
61510 5475
61520 5475
61530 5475
61540 5475
61550 5475
61560 5475
61570 5475
61580 5475
61590 5475
61600 5475
61610 5475
61620 5475
61630 5475
61640 5475
61650 5475
61660 5475
61670 5475
61680 5475
61690 5475
61700 5475
61710 5475
61720 5475
61730 5475
61740 5475
61750 5475
61760 5475
61770 5475
61780 5475
61790 5475
61800 5475
61810 5475
61820 5475
61830 5475
61840 5475
61850 5475
61860 5475
61870 5475
61880 5475
61890 5475
61900 5475
61910 5475
61920 5475
61930 5475
61940 5475
61950 5475
61960 5475
61970 5475
61980 5475
61990 5475
62000 5475
62010 5475
62020 5475
62030 5475
62040 5475
62050 5475
62060 5475
62070 5475
62080 5475
62090 5475
62100 5475
62110 5475
62120 5475
62130 5475
62140 5475
62150 5475
62160 5475
62170 5475
62180 5475
62190 5475
62200 5475
62210 5475
62220 5475
62230 5475
62240 5475
62250 5475
62260 5475
62270 5475
62280 5475
62290 5475
62300 5475
62310 5475
62320 5475
62330 5475
62340 5475
62350 5475
62360 5475
62370 5475
62380 5475
62390 5475
62400 5475
62410 5475
62420 5475
62430 5475
62440 5475
62450 5475
62460 5475
62470 5475
62480 5475
62490 5475
62500 5475
62510 5475
62520 5475
62530 5475
62540 5475
62550 5475
62560 5475
62570 5475
62580 5475
62590 5475
62600 5475
62610 5475
62620 5475
62630 5475
62640 5475
62650 5475
62660 5475
62670 5475
62680 5475
62690 5475
62700 5475
62710 5475
62720 5475
62730 5475
62740 5475
62750 5475
62760 5475
62770 5475
62780 5475
62790 5475
62800 5475
62810 5475
62820 5475
62830 5475
62840 5475
62850 5475
62860 5475
62870 5475
62880 5475
62890 5475
62900 5475
62910 5475
62920 5475
62930 5475
62940 5475
62950 5475
62960 5475
62970 5475
62980 5475
62990 5475
63000 5475
63010 5475
63020 5475
63030 5475
63040 5475
63050 5475
63060 5475
63070 5475
63080 5475
63090 5475
63100 5475
63110 5475
63120 5475
63130 5475
63140 5475
63150 5475
63160 5475
63170 5475
63180 5475
63190 5475
63200 5475
63210 5475
63220 5475
63230 5475
63240 5475
63250 5475
63260 5475
63270 5475
63280 5475
63290 5475
63300 5475
63310 5475
63320 5475
63330 5475
63340 5475
63350 5475
63360 5475
63370 5475
63380 5475
63390 5475
63400 5475
63410 5475
63420 5475
63430 5475
63440 5475
63450 5475
63460 5475
63470 5475
63480 5475
63490 5475
63500 5475
63510 5475
63520 5475
63530 5475
63540 5475
63550 5475
63560 5475
63570 5475
63580 5475
63590 5475
63600 5475
63610 5475
63620 5475
63630 5475
63640 5475
63650 5475
63660 5475
63670 5475
63680 5475
63690 5475
63700 5475
63710 5475
63720 5475
63730 5475
63740 5475
63750 5475
63760 5475
63770 5475
63780 5475
63790 5475
63800 5475
63810 5475
63820 5475
63830 5475
63840 5475
63850 5475
63860 5475
63870 5475
63880 5475
63890 5475
63900 5475
63910 5475
63920 5475
63930 5475
63940 5475
63950 5475
63960 5475
63970 5475
63980 5475
63990 5475
64000 5475
64010 5475
64020 5475
64030 5475
64040 5475
64050 5475
64060 5475
64070 5475
64080 5475
64090 5475
64100 5475
64110 5475
64120 5475
64130 5475
64140 5475
64150 5475
64160 5475
64170 5475
64180 5475
64190 5475
64200 5475
64210 5475
64220 5475
64230 5475
64240 5475
64250 5475
64260 5475
64270 5475
64280 5475
64290 5475
64300 5475
64310 5475
64320 5475
64330 5475
64340 5475
64350 5475
64360 5475
64370 5475
64380 5475
64390 5475
64400 5475
64410 5475
64420 5475
64430 5475
64440 5475
64450 5475
64460 5475
64470 5475
64480 5475
64490 5475
64500 5475
64510 5475
64520 5475
64530 5475
64540 5475
64550 5475
64560 5475
64570 5475
64580 5475
64590 5475
64600 5475
64610 5475
64620 5475
64630 5475
64640 5475
64650 5475
64660 5475
64670 5475
64680 5475
64690 5475
64700 5475
64710 5475
64720 5475
64730 5475
64740 5475
64750 5475
64760 5475
64770 5475
64780 5475
64790 5475
64800 5475
64810 5475
64820 5475
64830 5475
64840 5475
64850 5475
64860 5475
64870 5475
64880 5475
64890 5475
64900 5475
64910 5475
64920 5475
64930 5475
64940 5475
64950 5475
64960 5475
64970 5475
64980 5475
64990 5475
65000 5475
65010 5475
65020 5475
65030 5475
65040 5475
65050 5475
65060 5475
65070 5475
65080 5475
65090 5475
65100 5475
65110 5475
65120 5475
65130 5475
65140 5475
65150 5475
65160 5475
65170 5475
65180 5475
65190 5475
65200 5475
65210 5475
65220 5475
65230 5475
65240 5475
65250 5475
65260 5475
65270 5475
65280 5475
65290 5475
65300 5475
65310 5475
65320 5475
65330 5475
65340 5475
65350 5475
65360 5475
65370 5475
65380 5475
65390 5475
65400 5475
65410 5475
65420 5475
65430 5475
65440 5475
65450 5475
65460 5475
65470 5475
65480 5475
65490 5475
65500 5475
65510 5475
65520 5475
65530 5475
65540 5475
65550 5475
65560 5475
65570 5475
65580 5475
65590 5475
65600 5475
65610 5475
65620 5475
65630 5475
65640 5475
65650 5475
65660 5475
65670 5475
65680 5475
65690 5475
65700 5475
65710 5475
65720 5475
65730 5475
65740 5475
65750 5475
65760 5475
65770 5475
65780 5475
65790 5475
65800 5475
65810 5475
65820 5475
65830 5475
65840 5475
65850 5475
65860 5475
65870 5475
65880 5475
65890 5475
65900 5475
65910 5475
65920 5475
65930 5475
65940 5475
65950 5475
65960 5475
65970 5475
65980 5475
65990 5475
66000 5475
66010 5475
66020 5475
66030 5475
66040 5475
66050 5475
66060 5475
66070 5475
66080 5475
66090 5475
66100 5475
66110 5475
66120 5475
66130 5475
66140 5475
66150 5475
66160 5475
66170 5475
66180 5475
66190 5475
66200 5475
66210 5475
66220 5475
66230 5475
66240 5475
66250 5475
66260 5475
66270 5475
66280 5475
66290 5475
66300 5475
66310 5475
66320 5475
66330 5475
66340 5475
66350 5475
66360 5475
66370 5475
66380 5475
66390 5475
66400 5475
66410 5475
66420 5475
66430 5475
66440 5475
66450 5475
66460 5475
66470 5475
66480 5475
66490 5475
66500 5475
66510 5475
66520 5475
66530 5475
66540 5475
66550 5475
66560 5475
66570 5475
66580 5475
66590 5475
66600 5475
66610 5475
66620 5475
66630 5475
66640 5475
66650 5475
66660 5475
66670 5475
66680 5475
66690 5475
66700 5475
66710 5475
66720 5475
66730 5475
66740 5475
66750 5475
66760 5475
66770 5475
66780 5475
66790 5475
66800 5475
66810 5475
66820 5475
66830 5475
66840 5475
66850 5475
66860 5475
66870 5475
66880 5475
66890 5475
66900 5475
66910 5475
66920 5475
66930 5475
66940 5475
66950 5475
66960 5475
66970 5475
66980 5475
66990 5475
67000 5475
67010 5475
67020 5475
67030 5475
67040 5475
67050 5475
67060 5475
67070 5475
67080 5475
67090 5475
67100 5475
67110 5475
67120 5475
67130 5475
67140 5475
67150 5475
67160 5475
67170 5475
67180 5475
67190 5475
67200 5475
67210 5475
67220 5475
67230 5475
67240 5475
67250 5475
67260 5475
67270 5475
67280 5475
67290 5475
67300 5475
67310 5475
67320 5475
67330 5475
67340 5475
67350 5475
67360 5475
67370 5475
67380 5475
67390 5475
67400 5475
67410 5475
67420 5475
67430 5475
67440 5475
67450 5475
67460 5475
67470 5475
67480 5475
67490 5475
67500 5475
67510 5475
67520 5475
67530 5475
67540 5475
67550 5475
67560 5475
67570 5475
67580 5475
67590 5475
67600 5475
67610 5475
67620 5475
67630 5475
67640 5475
67650 5475
67660 5475
67670 5475
67680 5475
67690 5475
67700 5475
67710 5475
67720 5475
67730 5475
67740 5475
67750 5475
67760 5475
67770 5475
67780 5475
67790 5475
67800 5475
67810 5475
67820 5475
67830 5475
67840 5475
67850 5475
67860 5475
67870 5475
67880 5475
67890 5475
67900 5475
67910 5475
67920 5475
67930 5475
67940 5475
67950 5475
67960 5475
67970 5475
67980 5475
67990 5475
68000 5475
68010 5475
68020 5475
68030 5475
68040 5475
68050 5475
68060 5475
68070 5475
68080 5475
68090 5475
68100 5475
68110 5475
68120 5475
68130 5475
68140 5475
68150 5475
68160 5475
68170 5475
68180 5475
68190 5475
68200 5475
68210 5475
68220 5475
68230 5475
68240 5475
68250 5475
68260 5475
68270 5475
68280 5475
68290 5475
68300 5475
68310 5475
68320 5475
68330 5475
68340 5475
68350 5475
68360 5475
68370 5475
68380 5475
68390 5475
68400 5475
68410 5475
68420 5475
68430 5475
68440 5475
68450 5475
68460 5475
68470 5475
68480 5475
68490 5475
68500 5475
68510 5475
68520 5475
68530 5475
68540 5475
68550 5475
68560 5475
68570 5475
68580 5475
68590 5475
68600 5475
68610 5475
68620 5475
68630 5475
68640 5475
68650 5475
68660 5475
68670 5475
68680 5475
68690 5475
68700 5475
68710 5475
68720 5475
68730 5475
68740 5475
68750 5475
68760 5475
68770 5475
68780 5475
68790 5475
68800 5475
68810 5475
68820 5475
68830 5475
68840 5475
68850 5475
68860 5475
68870 5475
68880 5475
68890 5475
68900 5475
68910 5475
68920 5475
68930 5475
68940 5475
68950 5475
68960 5475
68970 5475
68980 5475
68990 5475
69000 5475
69010 5475
69020 5475
69030 5475
69040 5475
69050 5475
69060 5475
69070 5475
69080 5475
69090 5475
69100 5475
69110 5475
69120 5475
69130 5475
69140 5475
69150 5475
69160 5475
69170 5475
69180 5475
69190 5475
69200 5475
69210 5475
69220 5475
69230 5475
69240 5475
69250 5475
69260 5475
69270 5475
69280 5475
69290 5475
69300 5475
69310 5475
69320 5475
69330 5475
69340 5475
69350 5475
69360 5475
69370 5475
69380 5475
69390 5475
69400 5475
69410 5475
69420 5475
69430 5475
69440 5475
69450 5475
69460 5475
69470 5475
69480 5475
69490 5475
69500 5475
69510 5475
69520 5475
69530 5475
69540 5475
69550 5475
69560 5475
69570 5475
69580 5475
69590 5475
69600 5475
69610 5475
69620 5475
69630 5475
69640 5475
69650 5475
69660 5475
69670 5475
69680 5475
69690 5475
69700 5475
69710 5475
69720 5475
69730 5475
69740 5475
69750 5475
69760 5475
69770 5475
69780 5475
69790 5475
69800 5475
69810 5475
69820 5475
69830 5475
69840 5475
69850 5475
69860 5475
69870 5475
69880 5475
69890 5475
69900 5475
69910 5475
69920 5475
69930 5475
69940 5475
69950 5475
69960 5475
69970 5475
69980 5475
69990 5475
70000 5475
70010 5475
70020 5475
70030 5475
70040 5475
70050 5475
70060 5475
70070 5475
70080 5475
70090 5475
70100 5475
70110 5475
70120 5475
70130 5475
70140 5475
70150 5475
70160 5475
70170 5475
70180 5475
70190 5475
70200 5475
70210 5475
70220 5475
70230 5475
70240 5475
70250 5475
70260 5475
70270 5475
70280 5475
70290 5475
70300 5475
70310 5475
70320 5475
70330 5475
70340 5475
70350 5475
70360 5475
70370 5475
70380 5475
70390 5475
70400 5475
70410 5475
70420 5475
70430 5475
70440 5475
70450 5475
70460 5475
70470 5475
70480 5475
70490 5475
70500 5475
70510 5475
70520 5475
70530 5475
70540 5475
70550 5475
70560 5475
70570 5475
70580 5475
70590 5475
70600 5475
70610 5475
70620 5475
70630 5475
70640 5475
70650 5475
70660 5475
70670 5475
70680 5475
70690 5475
70700 5475
70710 5475
70720 5475
70730 5475
70740 5475
70750 5475
70760 5475
70770 5475
70780 5475
70790 5475
70800 5475
70810 5475
70820 5475
70830 5475
70840 5475
70850 5475
70860 5475
70870 5475
70880 5475
70890 5475
70900 5475
70910 5475
70920 5475
70930 5475
70940 5475
70950 5475
70960 5475
70970 5475
70980 5475
70990 5475
71000 5475
71010 5475
71020 5475
71030 5475
71040 5475
71050 5475
71060 5475
71070 5475
71080 5475
71090 5475
71100 5475
71110 5475
71120 5475
71130 5475
71140 5475
71150 5475
71160 5475
71170 5475
71180 5475
71190 5475
71200 5475
71210 5475
71220 5475
71230 5475
71240 5475
71250 5475
71260 5475
71270 5475
71280 5475
71290 5475
71300 5475
71310 5475
71320 5475
71330 5475
71340 5475
71350 5475
71360 5475
71370 5475
71380 5475
71390 5475
71400 5475
71410 5475
71420 5475
71430 5475
71440 5475
71450 5475
71460 5475
71470 5475
71480 5475
71490 5475
71500 5475
71510 5475
71520 5475
71530 5475
71540 5475
71550 5475
71560 5475
71570 5475
71580 5475
71590 5475
71600 5475
71610 5475
71620 5475
71630 5475
71640 5475
71650 5475
71660 5475
71670 5475
71680 5475
71690 5475
71700 5475
71710 5475
71720 5475
71730 5475
71740 5475
71750 5475
71760 5475
71770 5475
71780 5475
71790 5475
71800 5475
71810 5475
71820 5475
71830 5475
71840 5475
71850 5475
71860 5475
71870 5475
71880 5475
71890 5475
71900 5475
71910 5475
71920 5475
71930 5475
71940 5475
71950 5475
71960 5475
71970 5475
71980 5475
71990 5475
72000 5475
72010 5475
72020 5475
72030 5475
72040 5475
72050 5475
72060 5475
72070 5475
72080 5475
72090 5475
72100 5475
72110 5475
72120 5475
72130 5475
72140 5475
72150 5475
72160 5475
72170 5475
72180 5475
72190 5475
72200 5475
72210 5475
72220 5475
72230 5475
72240 5475
72250 5475
72260 5475
72270 5475
72280 5475
72290 5475
72300 5475
72310 5475
72320 5475
72330 5475
72340 5475
72350 5475
72360 5475
72370 5475
72380 5475
72390 5475
72400 5475
72410 5475
72420 5475
72430 5475
72440 5475
72450 5475
72460 5475
72470 5475
72480 5475
72490 5475
72500 5475
72510 5475
72520 5475
72530 5475
72540 5475
72550 5475
72560 5475
72570 5475
72580 5475
72590 5475
72600 5475
72610 5475
72620 5475
72630 5475
72640 5475
72650 5475
72660 5475
72670 5475
72680 5475
72690 5475
72700 5475
72710 5475
72720 5475
72730 5475
72740 5475
72750 5475
72760 5475
72770 5475
72780 5475
72790 5475
72800 5475
72810 5475
72820 5475
72830 5475
72840 5475
72850 5475
72860 5475
72870 5475
72880 5475
72890 5475
72900 5475
72910 5475
72920 5475
72930 5475
72940 5475
72950 5475
72960 5475
72970 5475
72980 5475
72990 5475
73000 5475
73010 5475
73020 5475
73030 5475
73040 5475
73050 5475
73060 5475
73070 5475
73080 5475
73090 5475
73100 5475
73110 5475
73120 5475
73130 5475
73140 5475
73150 5475
73160 5475
73170 5475
73180 5475
73190 5475
73200 5475
73210 5475
73220 5475
73230 5475
73240 5475
73250 5475
73260 5475
73270 5475
73280 5475
73290 5475
73300 5475
73310 5475
73320 5475
73330 5475
73340 5475
73350 5475
73360 5475
73370 5475
73380 5475
73390 5475
73400 5475
73410 5475
73420 5475
73430 5475
73440 5475
73450 5475
73460 5475
73470 5475
73480 5475
73490 5475
73500 5475
73510 5475
73520 5475
73530 5475
73540 5475
73550 5475
73560 5475
73570 5475
73580 5475
73590 5475
73600 5475
73610 5475
73620 5475
73630 5475
73640 5475
73650 5475
73660 5475
73670 5475
73680 5475
73690 5475
73700 5475
73710 5475
73720 5475
73730 5475
73740 5475
73750 5475
73760 5475
73770 5475
73780 5475
73790 5475
73800 5475
73810 5475
73820 5475
73830 5475
73840 5475
73850 5475
73860 5475
73870 5475
73880 5475
73890 5475
73900 5475
73910 5475
73920 5475
73930 5475
73940 5475
73950 5475
73960 5475
73970 5475
73980 5475
73990 5475
74000 5475
74010 5475
74020 5475
74030 5475
74040 5475
74050 5475
74060 5475
74070 5475
74080 5475
74090 5475
74100 5475
74110 5475
74120 5475
74130 5475
74140 5475
74150 5475
74160 5475
74170 5475
74180 5475
74190 5475
74200 5475
74210 5475
74220 5475
74230 5475
74240 5475
74250 5475
74260 5475
74270 5475
74280 5475
74290 5475
74300 5475
74310 5475
74320 5475
74330 5475
74340 5475
74350 5475
74360 5475
74370 5475
74380 5475
74390 5475
74400 5475
74410 5475
74420 5475
74430 5475
74440 5475
74450 5475
74460 5475
74470 5475
74480 5475
74490 5475
74500 5475
74510 5475
74520 5475
74530 5475
74540 5475
74550 5475
74560 5475
74570 5475
74580 5475
74590 5475
74600 5475
74610 5475
74620 5475
74630 5475
74640 5475
74650 5475
74660 5475
74670 5475
74680 5475
74690 5475
74700 5475
74710 5475
74720 5475
74730 5475
74740 5475
74750 5475
74760 5475
74770 5475
74780 5475
74790 5475
74800 5475
74810 5475
74820 5475
74830 5475
74840 5475
74850 5475
74860 5475
74870 5475
74880 5475
74890 5475
74900 5475
74910 5475
74920 5475
74930 5475
74940 5475
74950 5475
74960 5475
74970 5475
74980 5475
74990 5475
75000 5475
75010 5475
75020 5475
75030 5475
75040 5475
75050 5475
75060 5475
75070 5475
75080 5475
75090 5475
75100 5475
75110 5475
75120 5475
75130 5475
75140 5475
75150 5475
75160 5475
75170 5475
75180 5475
75190 5475
75200 5475
75210 5475
75220 5475
75230 5475
75240 5475
75250 5475
75260 5475
75270 5475
75280 5475
75290 5475
75300 5475
75310 5475
75320 5475
75330 5475
75340 5475
75350 5475
75360 5475
75370 5475
75380 5475
75390 5475
75400 5475
75410 5475
75420 5475
75430 5475
75440 5475
75450 5475
75460 5475
75470 5475
75480 5475
75490 5475
75500 5475
75510 5475
75520 5475
75530 5475
75540 5475
75550 5475
75560 5475
75570 5475
75580 5475
75590 5475
75600 5475
75610 5475
75620 5475
75630 5475
75640 5475
75650 5475
75660 5475
75670 5475
75680 5475
75690 5475
75700 5475
75710 5475
75720 5475
75730 5475
75740 5475
75750 5475
75760 5475
75770 5475
75780 5475
75790 5475
75800 5475
75810 5475
75820 5475
75830 5475
75840 5475
75850 5475
75860 5475
75870 5475
75880 5475
75890 5475
75900 5475
75910 5475
75920 5475
75930 5475
75940 5475
75950 5475
75960 5475
75970 5475
75980 5475
75990 5475
76000 5475
76010 5475
76020 5475
76030 5475
76040 5475
76050 5475
76060 5475
76070 5475
76080 5475
76090 5475
76100 5475
76110 5475
76120 5475
76130 5475
76140 5475
76150 5475
76160 5475
76170 5475
76180 5475
76190 5475
76200 5475
76210 5475
76220 5475
76230 5475
76240 5475
76250 5475
76260 5475
76270 5475
76280 5475
76290 5475
76300 5475
76310 5475
76320 5475
76330 5475
76340 5475
76350 5475
76360 5475
76370 5475
76380 5475
76390 5475
76400 5475
76410 5475
76420 5475
76430 5475
76440 5475
76450 5475
76460 5475
76470 5475
76480 5475
76490 5475
76500 5475
76510 5475
76520 5475
76530 5475
76540 5475
76550 5475
76560 5475
76570 5475
76580 5475
76590 5475
76600 5475
76610 5475
76620 5475
76630 5475
76640 5475
76650 5475
76660 5475
76670 5475
76680 5475
76690 5475
76700 5475
76710 5475
76720 5475
76730 5475
76740 5475
76750 5475
76760 5475
76770 5475
76780 5475
76790 5475
76800 5475
76810 5475
76820 5475
76830 5475
76840 5475
76850 5475
76860 5475
76870 5475
76880 5475
76890 5475
76900 5475
76910 5475
76920 5475
76930 5475
76940 5475
76950 5475
76960 5475
76970 5475
76980 5475
76990 5475
77000 5475
77010 5475
77020 5475
77030 5475
77040 5475
77050 5475
77060 5475
77070 5475
77080 5475
77090 5475
77100 5475
77110 5475
77120 5475
77130 5475
77140 5475
77150 5475
77160 5475
77170 5475
77180 5475
77190 5475
77200 5475
77210 5475
77220 5475
77230 5475
77240 5475
77250 5475
77260 5475
77270 5475
77280 5475
77290 5475
77300 5475
77310 5475
77320 5475
77330 5475
77340 5475
77350 5475
77360 5475
77370 5475
77380 5475
77390 5475
77400 5475
77410 5475
77420 5475
77430 5475
77440 5475
77450 5475
77460 5475
77470 5475
77480 5475
77490 5475
77500 5475
77510 5475
77520 5475
77530 5475
77540 5475
77550 5475
77560 5475
77570 5475
77580 5475
77590 5475
77600 5475
77610 5475
77620 5475
77630 5475
77640 5475
77650 5475
77660 5475
77670 5475
77680 5475
77690 5475
77700 5475
77710 5475
77720 5475
77730 5475
77740 5475
77750 5475
77760 5475
77770 5475
77780 5475
77790 5475
